0,1,1.98,500
0,71,1.98,500
1,0,1.98,500
1,2,1.98,500
2,1,1.98,500
2,3,1.98,500
3,2,1.98,500
3,4,1.98,500
4,3,1.98,500
4,5,1.98,500
5,4,1.98,500
5,6,1.98,500
6,5,1.98,500
6,7,1.98,500
7,6,1.98,500
7,8,1.98,500
8,7,1.98,500
8,9,1.98,500
9,8,1.98,500
9,10,1.98,500
10,9,1.98,500
10,11,1.98,500
10,72,1.41,263.3
11,10,1.98,500
11,12,1.98,500
12,11,1.98,500
12,13,1.98,500
13,12,1.98,500
13,14,1.98,500
14,13,1.98,500
14,15,1.98,500
15,14,1.98,500
15,16,1.98,500
16,15,1.98,500
16,17,1.98,500
17,16,1.98,500
17,18,1.98,500
18,17,1.98,500
18,19,1.98,500
19,18,1.98,500
19,20,1.98,500
20,19,1.98,500
20,21,1.98,500
21,20,1.98,500
21,22,1.98,500
22,21,1.98,500
22,23,1.98,500
23,22,1.98,500
23,24,1.98,500
24,23,1.98,500
24,25,1.98,500
25,24,1.98,500
25,26,1.98,500
26,25,1.98,500
26,27,1.98,500
27,26,1.98,500
27,28,1.98,500
28,27,1.98,500
28,29,1.98,500
29,28,1.98,500
29,30,1.98,500
30,29,1.98,500
30,31,1.98,500
31,30,1.98,500
31,32,1.98,500
32,31,1.98,500
32,33,1.98,500
33,32,1.98,500
33,34,1.98,500
34,33,1.98,500
34,35,1.98,500
35,34,1.98,500
35,36,1.98,500
36,35,1.98,500
36,37,1.98,500
37,36,1.98,500
37,38,1.98,500
38,37,1.98,500
38,39,1.98,500
39,38,1.98,500
39,40,1.98,500
40,39,1.98,500
40,41,1.98,500
41,40,1.98,500
41,42,1.98,500
42,41,1.98,500
42,43,1.98,500
43,42,1.98,500
43,44,1.98,500
44,43,1.98,500
44,45,1.98,500
45,44,1.98,500
45,46,1.98,500
46,45,1.98,500
46,47,1.98,500
46,73,1.41,238.36
47,46,1.98,500
47,48,1.98,500
48,47,1.98,500
48,49,1.98,500
49,48,1.98,500
49,50,1.98,500
50,49,1.98,500
50,51,1.98,500
51,50,1.98,500
51,52,1.98,500
52,51,1.98,500
52,53,1.98,500
53,52,1.98,500
53,54,1.98,500
54,53,1.98,500
54,55,1.98,500
55,54,1.98,500
55,56,1.98,500
56,55,1.98,500
56,57,1.98,500
57,56,1.98,500
57,58,1.98,500
58,57,1.98,500
58,59,1.98,500
59,58,1.98,500
59,60,1.98,500
60,59,1.98,500
60,61,1.98,500
61,60,1.98,500
61,62,1.98,500
62,61,1.98,500
62,63,1.98,500
63,62,1.98,500
63,64,1.98,500
64,63,1.98,500
64,65,1.98,500
65,64,1.98,500
65,66,1.98,500
66,65,1.98,500
66,67,1.98,500
67,66,1.98,500
67,68,1.98,500
68,67,1.98,500
68,69,1.98,500
69,68,1.98,500
69,70,1.98,500
70,69,1.98,500
70,71,1.98,500
71,0,1.98,500
71,70,1.98,500
72,10,1.41,263.3
73,46,1.41,238.36
