STARLINK-1000
1 17183U 98065A   23256.32350922 -.00022620  00000-0  13156-2 0  1004
2 17183   0.0000 120.0000 0000100   0.0000   0.0000 15.48243942157962
STARLINK-1001
1 66854U 98065A   23256.32350922 -.00022620  00000-0  13156-2 0  1004
2 66854   0.0000 120.0000 0000100   0.0000   4.9999 15.48243942211977
STARLINK-1002
1 89570U 98065A   23256.32350922 -.00022620  00000-0  13156-2 0  1004
2 89570   0.0000 120.0000 0000100   0.0000   9.9998 15.48243942384224
STARLINK-1003
1 79535U 98065A   23256.32350922 -.00022620  00000-0  13156-2 0  1002
2 79535   0.0000 120.0000 0000100   0.0000  14.9997 15.48243942882896
STARLINK-1004
1 74137U 98065A   23256.32350922 -.00022620  00000-0  13156-2 0  1002
2 74137   0.0000 120.0000 0000100   0.0000  19.9996 15.48243942187145
STARLINK-1005
1 63479U 98065A   23256.32350922 -.00022620  00000-0  13156-2 0  1006
2 63479   0.0000 120.0000 0000100   0.0000  24.9995 15.48243942821277
STARLINK-1006
1 26014U 98065A   23256.32350922 -.00022620  00000-0  13156-2 0  1000
2 26014   0.0000 120.0000 0000100   0.0000  29.9994 15.48243942235087
STARLINK-1007
1 17130U 98065A   23256.32350922 -.00022620  00000-0  13156-2 0  1001
2 17130   0.0000 120.0000 0000100   0.0000  34.9993 15.48243942572110
STARLINK-1008
1 45874U 98065A   23256.32350922 -.00022620  00000-0  13156-2 0  1003
2 45874   0.0000 120.0000 0000100   0.0000  39.9993 15.48243942564184
STARLINK-1009
1 84989U 98065A   23256.32350922 -.00022620  00000-0  13156-2 0  1000
2 84989   0.0000 120.0000 0000100   0.0000  44.9992 15.48243942919968
STARLINK-1010
1 45768U 98065A   23256.32350922 -.00022620  00000-0  13156-2 0  1004
2 45768   0.0000 120.0000 0000100   0.0000  49.9991 15.48243942816644
STARLINK-1011
1 94550U 98065A   23256.32350922 -.00022620  00000-0  13156-2 0  1006
2 94550   0.0000 120.0000 0000100   0.0000  54.9991 15.48243942514598
STARLINK-1012
1 73592U 98065A   23256.32350922 -.00022620  00000-0  13156-2 0  1002
2 73592   0.0000 120.0000 0000100   0.0000  59.9990 15.48243942249563
STARLINK-1013
1 25738U 98065A   23256.32350922 -.00022620  00000-0  13156-2 0  1006
2 25738   0.0000 120.0000 0000100   0.0000  64.9990 15.48243942588913
STARLINK-1014
1 67039U 98065A   23256.32350922 -.00022620  00000-0  13156-2 0  1003
2 67039   0.0000 120.0000 0000100   0.0000  69.9989 15.48243942373796
STARLINK-1015
1 52187U 98065A   23256.32350922 -.00022620  00000-0  13156-2 0  1005
2 52187   0.0000 120.0000 0000100   0.0000  74.9989 15.48243942617974
STARLINK-1016
1 91801U 98065A   23256.32350922 -.00022620  00000-0  13156-2 0  1001
2 91801   0.0000 120.0000 0000100   0.0000  79.9989 15.48243942345358
STARLINK-1017
1 71167U 98065A   23256.32350922 -.00022620  00000-0  13156-2 0  1005
2 71167   0.0000 120.0000 0000100   0.0000  84.9989 15.48243942713881
STARLINK-1018
1 10030U 98065A   23256.32350922 -.00022620  00000-0  13156-2 0  1005
2 10030   0.0000 120.0000 0000100   0.0000  89.9989 15.48243942283922
STARLINK-1019
1 15201U 98065A   23256.32350922 -.00022620  00000-0  13156-2 0  1000
2 15201   0.0000 120.0000 0000100   0.0000  94.9989 15.48243942405245
STARLINK-1020
1 19102U 98065A   23256.32350922 -.00022620  00000-0  13156-2 0  1004
2 19102   0.0000 120.0000 0000100   0.0000  99.9989 15.48243942484720
STARLINK-1021
1 84888U 98065A   23256.32350922 -.00022620  00000-0  13156-2 0  1001
2 84888   0.0000 120.0000 0000100   0.0000 104.9989 15.48243942217938
STARLINK-1022
1 17479U 98065A   23256.32350922 -.00022620  00000-0  13156-2 0  1005
2 17479   0.0000 120.0000 0000100   0.0000 109.9989 15.48243942370114
STARLINK-1023
1 78033U 98065A   23256.32350922 -.00022620  00000-0  13156-2 0  1008
2 78033   0.0000 120.0000 0000100   0.0000 114.9990 15.48243942621244
STARLINK-1024
1 96348U 98065A   23256.32350922 -.00022620  00000-0  13156-2 0  1002
2 96348   0.0000 120.0000 0000100   0.0000 119.9990 15.48243942750032
STARLINK-1025
1 43337U 98065A   23256.32350922 -.00022620  00000-0  13156-2 0  1002
2 43337   0.0000 120.0000 0000100   0.0000 124.9991 15.48243942217474
STARLINK-1026
1 42215U 98065A   23256.32350922 -.00022620  00000-0  13156-2 0  1000
2 42215   0.0000 120.0000 0000100   0.0000 129.9991 15.48243942379254
STARLINK-1027
1 65456U 98065A   23256.32350922 -.00022620  00000-0  13156-2 0  1005
2 65456   0.0000 120.0000 0000100   0.0000 134.9992 15.48243942477367
STARLINK-1028
1 26296U 98065A   23256.32350922 -.00022620  00000-0  13156-2 0  1001
2 26296   0.0000 120.0000 0000100   0.0000 139.9993 15.48243942155375
STARLINK-1029
1 33672U 98065A   23256.32350922 -.00022620  00000-0  13156-2 0  1000
2 33672   0.0000 120.0000 0000100   0.0000 144.9993 15.48243942207632
STARLINK-1030
1 34401U 98065A   23256.32350922 -.00022620  00000-0  13156-2 0  1005
2 34401   0.0000 120.0000 0000100   0.0000 149.9994 15.48243942506951
STARLINK-1031
1 41450U 98065A   23256.32350922 -.00022620  00000-0  13156-2 0  1002
2 41450   0.0000 120.0000 0000100   0.0000 154.9995 15.48243942860215
STARLINK-1032
1 51178U 98065A   23256.32350922 -.00022620  00000-0  13156-2 0  1003
2 51178   0.0000 120.0000 0000100   0.0000 159.9996 15.48243942665806
STARLINK-1033
1 92567U 98065A   23256.32350922 -.00022620  00000-0  13156-2 0  1001
2 92567   0.0000 120.0000 0000100   0.0000 164.9997 15.48243942700024
STARLINK-1034
1 71125U 98065A   23256.32350922 -.00022620  00000-0  13156-2 0  1003
2 71125   0.0000 120.0000 0000100   0.0000 169.9998 15.48243942274093
STARLINK-1035
1 94050U 98065A   23256.32350922 -.00022620  00000-0  13156-2 0  1008
2 94050   0.0000 120.0000 0000100   0.0000 174.9999 15.48243942133204
STARLINK-1036
1 42305U 98065A   23256.32350922 -.00022620  00000-0  13156-2 0  1002
2 42305   0.0000 120.0000 0000100   0.0000 180.0000 15.48243942423864
STARLINK-1037
1 31031U 98065A   23256.32350922 -.00022620  00000-0  13156-2 0  1001
2 31031   0.0000 120.0000 0000100   0.0000 185.0001 15.48243942633846
STARLINK-1038
1 35894U 98065A   23256.32350922 -.00022620  00000-0  13156-2 0  1000
2 35894   0.0000 120.0000 0000100   0.0000 190.0002 15.48243942877695
STARLINK-1039
1 85887U 98065A   23256.32350922 -.00022620  00000-0  13156-2 0  1001
2 85887   0.0000 120.0000 0000100   0.0000 195.0003 15.48243942419728
STARLINK-1040
1 33347U 98065A   23256.32350922 -.00022620  00000-0  13156-2 0  1003
2 33347   0.0000 120.0000 0000100   0.0000 200.0004 15.48243942408636
STARLINK-1041
1 83400U 98065A   23256.32350922 -.00022620  00000-0  13156-2 0  1000
2 83400   0.0000 120.0000 0000100   0.0000 205.0005 15.48243942873831
STARLINK-1042
1 38112U 98065A   23256.32350922 -.00022620  00000-0  13156-2 0  1001
2 38112   0.0000 120.0000 0000100   0.0000 210.0006 15.48243942802245
STARLINK-1043
1 85623U 98065A   23256.32350922 -.00022620  00000-0  13156-2 0  1000
2 85623   0.0000 120.0000 0000100   0.0000 215.0007 15.48243942789527
STARLINK-1044
1 97384U 98065A   23256.32350922 -.00022620  00000-0  13156-2 0  1008
2 97384   0.0000 120.0000 0000100   0.0000 220.0007 15.48243942266678
STARLINK-1045
1 32608U 98065A   23256.32350922 -.00022620  00000-0  13156-2 0  1003
2 32608   0.0000 120.0000 0000100   0.0000 225.0008 15.48243942687348
STARLINK-1046
1 31372U 98065A   23256.32350922 -.00022620  00000-0  13156-2 0  1002
2 31372   0.0000 120.0000 0000100   0.0000 230.0009 15.48243942698351
STARLINK-1047
1 52668U 98065A   23256.32350922 -.00022620  00000-0  13156-2 0  1008
2 52668   0.0000 120.0000 0000100   0.0000 235.0009 15.48243942287978
STARLINK-1048
1 93509U 98065A   23256.32350922 -.00022620  00000-0  13156-2 0  1007
2 93509   0.0000 120.0000 0000100   0.0000 240.0010 15.48243942326627
STARLINK-1049
1 25607U 98065A   23256.32350922 -.00022620  00000-0  13156-2 0  1001
2 25607   0.0000 120.0000 0000100   0.0000 245.0010 15.48243942388503
STARLINK-1050
1 41641U 98065A   23256.32350922 -.00022620  00000-0  13156-2 0  1008
2 41641   0.0000 120.0000 0000100   0.0000 250.0011 15.48243942290034
STARLINK-1051
1 81726U 98065A   23256.32350922 -.00022620  00000-0  13156-2 0  1006
2 81726   0.0000 120.0000 0000100   0.0000 255.0011 15.48243942885685
STARLINK-1052
1 68107U 98065A   23256.32350922 -.00022620  00000-0  13156-2 0  1001
2 68107   0.0000 120.0000 0000100   0.0000 260.0011 15.48243942713771
STARLINK-1053
1 67069U 98065A   23256.32350922 -.00022620  00000-0  13156-2 0  1001
2 67069   0.0000 120.0000 0000100   0.0000 265.0011 15.48243942871644
STARLINK-1054
1 71044U 98065A   23256.32350922 -.00022620  00000-0  13156-2 0  1004
2 71044   0.0000 120.0000 0000100   0.0000 270.0011 15.48243942999308
STARLINK-1055
1 42727U 98065A   23256.32350922 -.00022620  00000-0  13156-2 0  1000
2 42727   0.0000 120.0000 0000100   0.0000 275.0011 15.48243942529751
STARLINK-1056
1 29725U 98065A   23256.32350922 -.00022620  00000-0  13156-2 0  1002
2 29725   0.0000 120.0000 0000100   0.0000 280.0011 15.48243942944595
STARLINK-1057
1 15979U 98065A   23256.32350922 -.00022620  00000-0  13156-2 0  1001
2 15979   0.0000 120.0000 0000100   0.0000 285.0011 15.48243942555887
STARLINK-1058
1 27288U 98065A   23256.32350922 -.00022620  00000-0  13156-2 0  1003
2 27288   0.0000 120.0000 0000100   0.0000 290.0011 15.48243942740176
STARLINK-1059
1 50636U 98065A   23256.32350922 -.00022620  00000-0  13156-2 0  1002
2 50636   0.0000 120.0000 0000100   0.0000 295.0010 15.48243942632410
STARLINK-1060
1 57307U 98065A   23256.32350922 -.00022620  00000-0  13156-2 0  1000
2 57307   0.0000 120.0000 0000100   0.0000 300.0010 15.48243942896878
STARLINK-1061
1 21444U 98065A   23256.32350922 -.00022620  00000-0  13156-2 0  1002
2 21444   0.0000 120.0000 0000100   0.0000 305.0009 15.48243942350008
STARLINK-1062
1 50305U 98065A   23256.32350922 -.00022620  00000-0  13156-2 0  1008
2 50305   0.0000 120.0000 0000100   0.0000 310.0009 15.48243942775520
STARLINK-1063
1 76537U 98065A   23256.32350922 -.00022620  00000-0  13156-2 0  1004
2 76537   0.0000 120.0000 0000100   0.0000 315.0008 15.48243942453901
STARLINK-1064
1 16631U 98065A   23256.32350922 -.00022620  00000-0  13156-2 0  1002
2 16631   0.0000 120.0000 0000100   0.0000 320.0007 15.48243942205996
STARLINK-1065
1 71937U 98065A   23256.32350922 -.00022620  00000-0  13156-2 0  1007
2 71937   0.0000 120.0000 0000100   0.0000 325.0007 15.48243942914042
STARLINK-1066
1 76817U 98065A   23256.32350922 -.00022620  00000-0  13156-2 0  1004
2 76817   0.0000 120.0000 0000100   0.0000 330.0006 15.48243942269133
STARLINK-1067
1 53121U 98065A   23256.32350922 -.00022620  00000-0  13156-2 0  1001
2 53121   0.0000 120.0000 0000100   0.0000 335.0005 15.48243942604945
STARLINK-1068
1 78588U 98065A   23256.32350922 -.00022620  00000-0  13156-2 0  1008
2 78588   0.0000 120.0000 0000100   0.0000 340.0004 15.48243942653484
STARLINK-1069
1 81372U 98065A   23256.32350922 -.00022620  00000-0  13156-2 0  1001
2 81372   0.0000 120.0000 0000100   0.0000 345.0003 15.48243942577816
STARLINK-1070
1 67607U 98065A   23256.32350922 -.00022620  00000-0  13156-2 0  1005
2 67607   0.0000 120.0000 0000100   0.0000 350.0002 15.48243942683872
STARLINK-1071
1 36942U 98065A   23256.32350922 -.00022620  00000-0  13156-2 0  1008
2 36942   0.0000 120.0000 0000100   0.0000 355.0001 15.48243942785410
