0
0, 1
0, 1, 2
0, 1, 2, 3
0, 1, 2, 3, 4
0, 1, 2, 3, 4, 5
0, 1, 2, 3, 4, 5, 6
0, 1, 2, 3, 4, 5, 6, 7
0, 1, 2, 3, 4, 5, 6, 7, 8
0, 1, 2, 3, 4, 5, 6, 7, 8, 9
0, 1, 2, 3, 4, 5, 6, 7, 8, 9, 10
0, 1, 2, 3, 4, 5, 6, 7, 8, 9, 10, 11
0, 21, 20, 19, 18, 17, 16, 15, 14, 13, 12
0, 21, 20, 19, 18, 17, 16, 15, 14, 13
0, 21, 20, 19, 18, 17, 16, 15, 14
0, 21, 20, 19, 18, 17, 16, 15
0, 21, 20, 19, 18, 17, 16
0, 21, 20, 19, 18, 17
0, 21, 20, 19, 18
0, 21, 20, 19
0, 21, 20
0, 21
0, 43, 22
0, 43, 22, 23
0, 43, 22, 23, 24
0, 1, 2, 3, 25
0, 1, 2, 3, 4, 26
0, 1, 2, 3, 4, 5, 27
0, 1, 2, 3, 4, 5, 6, 28
0, 1, 2, 3, 4, 5, 6, 7, 29
0, 1, 2, 3, 4, 5, 6, 7, 8, 30
0, 1, 2, 3, 4, 5, 6, 7, 8, 9, 31
0, 1, 2, 3, 4, 5, 6, 7, 8, 9, 10, 32
0, 21, 20, 19, 18, 17, 16, 15, 14, 13, 12, 33
0, 21, 20, 19, 18, 17, 16, 15, 14, 13, 34
0, 21, 20, 19, 18, 17, 16, 15, 14, 35
0, 21, 20, 19, 18, 17, 16, 15, 36
0, 21, 20, 19, 18, 17, 16, 37
0, 21, 20, 19, 18, 17, 38
0, 21, 20, 19, 18, 39
0, 21, 20, 19, 40
0, 21, 20, 41
0, 21, 42
0, 43
0, 21, 42, 65, 44
0, 21, 42, 65, 44, 45
0, 1, 2, 3, 25, 47, 46
0, 1, 2, 3, 25, 47
0, 1, 2, 3, 4, 26, 48
0, 1, 2, 3, 4, 26, 49
0, 1, 2, 3, 4, 5, 27, 50
0, 1, 2, 3, 4, 5, 6, 28, 51
0, 1, 2, 3, 4, 5, 6, 7, 29, 52
0, 1, 2, 3, 4, 5, 6, 7, 8, 30, 53
0, 1, 2, 3, 4, 5, 6, 7, 8, 9, 31, 54
0, 1, 2, 3, 4, 5, 6, 7, 8, 9, 10, 32, 55
0, 21, 20, 19, 18, 17, 16, 15, 14, 13, 34, 56
0, 21, 20, 19, 18, 17, 16, 15, 14, 35, 57
0, 21, 20, 19, 18, 17, 16, 15, 36, 58
0, 21, 20, 19, 18, 17, 16, 37, 59
0, 21, 20, 19, 18, 17, 38, 60
0, 21, 20, 19, 18, 39, 61
0, 21, 20, 19, 40, 62
0, 21, 20, 41, 63
0, 21, 20, 41, 64
0, 21, 42, 65
1
1, 2
1, 2, 3
1, 2, 3, 4
1, 2, 3, 4, 5
1, 2, 3, 4, 5, 6
1, 2, 3, 4, 5, 6, 7
1, 2, 3, 4, 5, 6, 7, 8
1, 2, 3, 4, 5, 6, 7, 8, 9
1, 2, 3, 4, 5, 6, 7, 8, 9, 10
1, 2, 3, 4, 5, 6, 7, 8, 9, 10, 11
1, 0, 21, 20, 19, 18, 17, 16, 15, 14, 13, 12
1, 0, 21, 20, 19, 18, 17, 16, 15, 14, 13
1, 0, 21, 20, 19, 18, 17, 16, 15, 14
1, 0, 21, 20, 19, 18, 17, 16, 15
1, 0, 21, 20, 19, 18, 17, 16
1, 0, 21, 20, 19, 18, 17
1, 0, 21, 20, 19, 18
1, 0, 21, 20, 19
1, 0, 21, 20
1, 0, 21
1, 0, 43, 22
1, 0, 43, 22, 23
1, 2, 3, 25, 24
1, 2, 3, 25
1, 2, 3, 4, 26
1, 2, 3, 4, 5, 27
1, 2, 3, 4, 5, 6, 28
1, 2, 3, 4, 5, 6, 7, 29
1, 2, 3, 4, 5, 6, 7, 8, 30
1, 2, 3, 4, 5, 6, 7, 8, 9, 31
1, 2, 3, 4, 5, 6, 7, 8, 9, 10, 32
1, 2, 3, 4, 5, 6, 7, 8, 9, 10, 11, 33
1, 0, 21, 20, 19, 18, 17, 16, 15, 14, 13, 34
1, 0, 21, 20, 19, 18, 17, 16, 15, 14, 35
1, 0, 21, 20, 19, 18, 17, 16, 15, 36
1, 0, 21, 20, 19, 18, 17, 16, 37
1, 0, 21, 20, 19, 18, 17, 38
1, 0, 21, 20, 19, 18, 39
1, 0, 21, 20, 19, 40
1, 0, 21, 20, 41
1, 0, 21, 42
1, 0, 43
1, 0, 21, 42, 65, 44
1, 0, 21, 42, 65, 44, 45
1, 2, 3, 25, 47, 46
1, 2, 3, 25, 47
1, 2, 3, 4, 26, 48
1, 2, 3, 4, 26, 49
1, 2, 3, 4, 5, 27, 50
1, 2, 3, 4, 5, 6, 28, 51
1, 2, 3, 4, 5, 6, 7, 29, 52
1, 2, 3, 4, 5, 6, 7, 8, 30, 53
1, 2, 3, 4, 5, 6, 7, 8, 9, 31, 54
1, 2, 3, 4, 5, 6, 7, 8, 9, 10, 32, 55
1, 0, 21, 20, 19, 18, 17, 16, 15, 14, 13, 34, 56
1, 0, 21, 20, 19, 18, 17, 16, 15, 14, 35, 57
1, 0, 21, 20, 19, 18, 17, 16, 15, 36, 58
1, 0, 21, 20, 19, 18, 17, 16, 37, 59
1, 0, 21, 20, 19, 18, 17, 38, 60
1, 0, 21, 20, 19, 18, 39, 61
1, 0, 21, 20, 19, 40, 62
1, 0, 21, 20, 41, 63
1, 0, 21, 20, 41, 64
1, 0, 21, 42, 65
2
2, 3
2, 3, 4
2, 3, 4, 5
2, 3, 4, 5, 6
2, 3, 4, 5, 6, 7
2, 3, 4, 5, 6, 7, 8
2, 3, 4, 5, 6, 7, 8, 9
2, 3, 4, 5, 6, 7, 8, 9, 10
2, 3, 4, 5, 6, 7, 8, 9, 10, 11
2, 3, 4, 5, 6, 7, 8, 9, 10, 11, 12
2, 1, 0, 21, 20, 19, 18, 17, 16, 15, 14, 13
2, 1, 0, 21, 20, 19, 18, 17, 16, 15, 14
2, 1, 0, 21, 20, 19, 18, 17, 16, 15
2, 1, 0, 21, 20, 19, 18, 17, 16
2, 1, 0, 21, 20, 19, 18, 17
2, 1, 0, 21, 20, 19, 18
2, 1, 0, 21, 20, 19
2, 1, 0, 21, 20
2, 1, 0, 21
2, 1, 0, 43, 22
2, 3, 25, 24, 23
2, 3, 25, 24
2, 3, 25
2, 3, 4, 26
2, 3, 4, 5, 27
2, 3, 4, 5, 6, 28
2, 3, 4, 5, 6, 7, 29
2, 3, 4, 5, 6, 7, 8, 30
2, 3, 4, 5, 6, 7, 8, 9, 31
2, 3, 4, 5, 6, 7, 8, 9, 10, 32
2, 3, 4, 5, 6, 7, 8, 9, 10, 11, 33
2, 3, 4, 5, 6, 7, 8, 9, 10, 11, 12, 34
2, 1, 0, 21, 20, 19, 18, 17, 16, 15, 14, 35
2, 1, 0, 21, 20, 19, 18, 17, 16, 15, 36
2, 1, 0, 21, 20, 19, 18, 17, 16, 37
2, 1, 0, 21, 20, 19, 18, 17, 38
2, 1, 0, 21, 20, 19, 18, 39
2, 1, 0, 21, 20, 19, 40
2, 1, 0, 21, 20, 41
2, 1, 0, 21, 42
2, 1, 0, 43
2, 1, 0, 21, 42, 65, 44
2, 3, 25, 47, 46, 45
2, 3, 25, 47, 46
2, 3, 25, 47
2, 3, 4, 26, 48
2, 3, 4, 26, 49
2, 3, 4, 5, 27, 50
2, 3, 4, 5, 6, 28, 51
2, 3, 4, 5, 6, 7, 29, 52
2, 3, 4, 5, 6, 7, 8, 30, 53
2, 3, 4, 5, 6, 7, 8, 9, 31, 54
2, 3, 4, 5, 6, 7, 8, 9, 10, 32, 55
2, 3, 4, 5, 6, 7, 8, 9, 10, 11, 33, 56
2, 1, 0, 21, 20, 19, 18, 17, 16, 15, 14, 35, 57
2, 1, 0, 21, 20, 19, 18, 17, 16, 15, 36, 58
2, 1, 0, 21, 20, 19, 18, 17, 16, 37, 59
2, 1, 0, 21, 20, 19, 18, 17, 38, 60
2, 1, 0, 21, 20, 19, 18, 39, 61
2, 1, 0, 21, 20, 19, 40, 62
2, 1, 0, 21, 20, 41, 63
2, 1, 0, 21, 20, 41, 64
2, 1, 0, 21, 42, 65
3
3, 4
3, 4, 5
3, 4, 5, 6
3, 4, 5, 6, 7
3, 4, 5, 6, 7, 8
3, 4, 5, 6, 7, 8, 9
3, 4, 5, 6, 7, 8, 9, 10
3, 4, 5, 6, 7, 8, 9, 10, 11
3, 4, 5, 6, 7, 8, 9, 10, 11, 12
3, 4, 5, 6, 7, 8, 9, 10, 11, 12, 13
3, 2, 1, 0, 21, 20, 19, 18, 17, 16, 15, 14
3, 2, 1, 0, 21, 20, 19, 18, 17, 16, 15
3, 2, 1, 0, 21, 20, 19, 18, 17, 16
3, 2, 1, 0, 21, 20, 19, 18, 17
3, 2, 1, 0, 21, 20, 19, 18
3, 2, 1, 0, 21, 20, 19
3, 2, 1, 0, 21, 20
3, 2, 1, 0, 21
3, 25, 24, 23, 22
3, 25, 24, 23
3, 25, 24
3, 25
3, 4, 26
3, 4, 5, 27
3, 4, 5, 6, 28
3, 4, 5, 6, 7, 29
3, 4, 5, 6, 7, 8, 30
3, 4, 5, 6, 7, 8, 9, 31
3, 4, 5, 6, 7, 8, 9, 10, 32
3, 4, 5, 6, 7, 8, 9, 10, 11, 33
3, 4, 5, 6, 7, 8, 9, 10, 11, 12, 34
3, 4, 5, 6, 7, 8, 9, 10, 11, 12, 13, 35
3, 2, 1, 0, 21, 20, 19, 18, 17, 16, 15, 36
3, 2, 1, 0, 21, 20, 19, 18, 17, 16, 37
3, 2, 1, 0, 21, 20, 19, 18, 17, 38
3, 2, 1, 0, 21, 20, 19, 18, 39
3, 2, 1, 0, 21, 20, 19, 40
3, 2, 1, 0, 21, 20, 41
3, 2, 1, 0, 21, 42
3, 2, 1, 0, 43
3, 25, 47, 46, 45, 44
3, 25, 47, 46, 45
3, 25, 47, 46
3, 25, 47
3, 4, 26, 48
3, 4, 26, 49
3, 4, 5, 27, 50
3, 4, 5, 6, 28, 51
3, 4, 5, 6, 7, 29, 52
3, 4, 5, 6, 7, 8, 30, 53
3, 4, 5, 6, 7, 8, 9, 31, 54
3, 4, 5, 6, 7, 8, 9, 10, 32, 55
3, 4, 5, 6, 7, 8, 9, 10, 11, 33, 56
3, 4, 5, 6, 7, 8, 9, 10, 11, 12, 34, 57
3, 2, 1, 0, 21, 20, 19, 18, 17, 16, 15, 36, 58
3, 2, 1, 0, 21, 20, 19, 18, 17, 16, 37, 59
3, 2, 1, 0, 21, 20, 19, 18, 17, 38, 60
3, 2, 1, 0, 21, 20, 19, 18, 39, 61
3, 2, 1, 0, 21, 20, 19, 40, 62
3, 2, 1, 0, 21, 20, 41, 63
3, 2, 1, 0, 21, 20, 41, 64
3, 2, 1, 0, 21, 42, 65
4
4, 5
4, 5, 6
4, 5, 6, 7
4, 5, 6, 7, 8
4, 5, 6, 7, 8, 9
4, 5, 6, 7, 8, 9, 10
4, 5, 6, 7, 8, 9, 10, 11
4, 5, 6, 7, 8, 9, 10, 11, 12
4, 5, 6, 7, 8, 9, 10, 11, 12, 13
4, 5, 6, 7, 8, 9, 10, 11, 12, 13, 14
4, 3, 2, 1, 0, 21, 20, 19, 18, 17, 16, 15
4, 3, 2, 1, 0, 21, 20, 19, 18, 17, 16
4, 3, 2, 1, 0, 21, 20, 19, 18, 17
4, 3, 2, 1, 0, 21, 20, 19, 18
4, 3, 2, 1, 0, 21, 20, 19
4, 3, 2, 1, 0, 21, 20
4, 3, 2, 1, 0, 21
4, 3, 25, 24, 23, 22
4, 3, 25, 24, 23
4, 3, 25, 24
4, 3, 25
4, 26
4, 5, 27
4, 5, 6, 28
4, 5, 6, 7, 29
4, 5, 6, 7, 8, 30
4, 5, 6, 7, 8, 9, 31
4, 5, 6, 7, 8, 9, 10, 32
4, 5, 6, 7, 8, 9, 10, 11, 33
4, 5, 6, 7, 8, 9, 10, 11, 12, 34
4, 5, 6, 7, 8, 9, 10, 11, 12, 13, 35
4, 5, 6, 7, 8, 9, 10, 11, 12, 13, 14, 36
4, 3, 2, 1, 0, 21, 20, 19, 18, 17, 16, 37
4, 3, 2, 1, 0, 21, 20, 19, 18, 17, 38
4, 3, 2, 1, 0, 21, 20, 19, 18, 39
4, 3, 2, 1, 0, 21, 20, 19, 40
4, 3, 2, 1, 0, 21, 20, 41
4, 3, 2, 1, 0, 21, 42
4, 3, 2, 1, 0, 43
4, 3, 25, 47, 46, 45, 44
4, 3, 25, 47, 46, 45
4, 3, 25, 47, 46
4, 3, 25, 47
4, 26, 48
4, 26, 49
4, 5, 27, 50
4, 5, 6, 28, 51
4, 5, 6, 7, 29, 52
4, 5, 6, 7, 8, 30, 53
4, 5, 6, 7, 8, 9, 31, 54
4, 5, 6, 7, 8, 9, 10, 32, 55
4, 5, 6, 7, 8, 9, 10, 11, 33, 56
4, 5, 6, 7, 8, 9, 10, 11, 12, 34, 57
4, 5, 6, 7, 8, 9, 10, 11, 12, 13, 35, 58
4, 3, 2, 1, 0, 21, 20, 19, 18, 17, 16, 37, 59
4, 3, 2, 1, 0, 21, 20, 19, 18, 17, 38, 60
4, 3, 2, 1, 0, 21, 20, 19, 18, 39, 61
4, 3, 2, 1, 0, 21, 20, 19, 40, 62
4, 3, 2, 1, 0, 21, 20, 41, 63
4, 3, 2, 1, 0, 21, 20, 41, 64
4, 3, 2, 1, 0, 21, 42, 65
5
5, 6
5, 6, 7
5, 6, 7, 8
5, 6, 7, 8, 9
5, 6, 7, 8, 9, 10
5, 6, 7, 8, 9, 10, 11
5, 6, 7, 8, 9, 10, 11, 12
5, 6, 7, 8, 9, 10, 11, 12, 13
5, 6, 7, 8, 9, 10, 11, 12, 13, 14
5, 6, 7, 8, 9, 10, 11, 12, 13, 14, 15
5, 4, 3, 2, 1, 0, 21, 20, 19, 18, 17, 16
5, 4, 3, 2, 1, 0, 21, 20, 19, 18, 17
5, 4, 3, 2, 1, 0, 21, 20, 19, 18
5, 4, 3, 2, 1, 0, 21, 20, 19
5, 4, 3, 2, 1, 0, 21, 20
5, 4, 3, 2, 1, 0, 21
5, 4, 3, 25, 24, 23, 22
5, 4, 3, 25, 24, 23
5, 4, 3, 25, 24
5, 4, 3, 25
5, 4, 26
5, 27
5, 6, 28
5, 6, 7, 29
5, 6, 7, 8, 30
5, 6, 7, 8, 9, 31
5, 6, 7, 8, 9, 10, 32
5, 6, 7, 8, 9, 10, 11, 33
5, 6, 7, 8, 9, 10, 11, 12, 34
5, 6, 7, 8, 9, 10, 11, 12, 13, 35
5, 6, 7, 8, 9, 10, 11, 12, 13, 14, 36
5, 6, 7, 8, 9, 10, 11, 12, 13, 14, 15, 37
5, 4, 3, 2, 1, 0, 21, 20, 19, 18, 17, 38
5, 4, 3, 2, 1, 0, 21, 20, 19, 18, 39
5, 4, 3, 2, 1, 0, 21, 20, 19, 40
5, 4, 3, 2, 1, 0, 21, 20, 41
5, 4, 3, 2, 1, 0, 21, 42
5, 4, 3, 2, 1, 0, 43
5, 4, 3, 25, 47, 46, 45, 44
5, 4, 3, 25, 47, 46, 45
5, 4, 3, 25, 47, 46
5, 4, 3, 25, 47
5, 4, 26, 48
5, 27, 49
5, 27, 50
5, 6, 28, 51
5, 6, 7, 29, 52
5, 6, 7, 8, 30, 53
5, 6, 7, 8, 9, 31, 54
5, 6, 7, 8, 9, 10, 32, 55
5, 6, 7, 8, 9, 10, 11, 33, 56
5, 6, 7, 8, 9, 10, 11, 12, 34, 57
5, 6, 7, 8, 9, 10, 11, 12, 13, 35, 58
5, 6, 7, 8, 9, 10, 11, 12, 13, 14, 36, 59
5, 4, 3, 2, 1, 0, 21, 20, 19, 18, 17, 38, 60
5, 4, 3, 2, 1, 0, 21, 20, 19, 18, 39, 61
5, 4, 3, 2, 1, 0, 21, 20, 19, 40, 62
5, 4, 3, 2, 1, 0, 21, 20, 41, 63
5, 4, 3, 2, 1, 0, 21, 20, 41, 64
5, 4, 3, 2, 1, 0, 21, 42, 65
6
6, 7
6, 7, 8
6, 7, 8, 9
6, 7, 8, 9, 10
6, 7, 8, 9, 10, 11
6, 7, 8, 9, 10, 11, 12
6, 7, 8, 9, 10, 11, 12, 13
6, 7, 8, 9, 10, 11, 12, 13, 14
6, 7, 8, 9, 10, 11, 12, 13, 14, 15
6, 7, 8, 9, 10, 11, 12, 13, 14, 15, 16
6, 5, 4, 3, 2, 1, 0, 21, 20, 19, 18, 17
6, 5, 4, 3, 2, 1, 0, 21, 20, 19, 18
6, 5, 4, 3, 2, 1, 0, 21, 20, 19
6, 5, 4, 3, 2, 1, 0, 21, 20
6, 5, 4, 3, 2, 1, 0, 21
6, 27, 26, 25, 24, 23, 22
6, 27, 26, 25, 24, 23
6, 27, 26, 25, 24
6, 27, 26, 25
6, 27, 26
6, 27
6, 28
6, 7, 29
6, 7, 8, 30
6, 7, 8, 9, 31
6, 7, 8, 9, 10, 32
6, 7, 8, 9, 10, 11, 33
6, 7, 8, 9, 10, 11, 12, 34
6, 7, 8, 9, 10, 11, 12, 13, 35
6, 7, 8, 9, 10, 11, 12, 13, 14, 36
6, 7, 8, 9, 10, 11, 12, 13, 14, 15, 37
6, 7, 8, 9, 10, 11, 12, 13, 14, 15, 16, 38
6, 5, 4, 3, 2, 1, 0, 21, 20, 19, 18, 39
6, 5, 4, 3, 2, 1, 0, 21, 20, 19, 40
6, 5, 4, 3, 2, 1, 0, 21, 20, 41
6, 5, 4, 3, 2, 1, 0, 21, 42
6, 5, 4, 3, 2, 1, 0, 43
6, 27, 26, 25, 47, 46, 45, 44
6, 27, 26, 25, 47, 46, 45
6, 27, 26, 25, 47, 46
6, 27, 26, 25, 47
6, 27, 26, 48
6, 27, 49
6, 27, 50
6, 28, 51
6, 7, 29, 52
6, 7, 8, 30, 53
6, 7, 8, 9, 31, 54
6, 7, 8, 9, 10, 32, 55
6, 7, 8, 9, 10, 11, 33, 56
6, 7, 8, 9, 10, 11, 12, 34, 57
6, 7, 8, 9, 10, 11, 12, 13, 35, 58
6, 7, 8, 9, 10, 11, 12, 13, 14, 36, 59
6, 7, 8, 9, 10, 11, 12, 13, 14, 15, 37, 60
6, 5, 4, 3, 2, 1, 0, 21, 20, 19, 18, 39, 61
6, 5, 4, 3, 2, 1, 0, 21, 20, 19, 40, 62
6, 5, 4, 3, 2, 1, 0, 21, 20, 41, 63
6, 27, 26, 25, 47, 46, 45, 44, 65, 64
6, 27, 26, 25, 47, 46, 45, 44, 65
7
7, 8
7, 8, 9
7, 8, 9, 10
7, 8, 9, 10, 11
7, 8, 9, 10, 11, 12
7, 8, 9, 10, 11, 12, 13
7, 8, 9, 10, 11, 12, 13, 14
7, 8, 9, 10, 11, 12, 13, 14, 15
7, 8, 9, 10, 11, 12, 13, 14, 15, 16
7, 8, 9, 10, 11, 12, 13, 14, 15, 16, 17
7, 6, 5, 4, 3, 2, 1, 0, 21, 20, 19, 18
7, 6, 5, 4, 3, 2, 1, 0, 21, 20, 19
7, 6, 5, 4, 3, 2, 1, 0, 21, 20
7, 6, 5, 4, 3, 2, 1, 0, 21
7, 6, 27, 26, 25, 24, 23, 22
7, 6, 27, 26, 25, 24, 23
7, 6, 27, 26, 25, 24
7, 6, 27, 26, 25
7, 6, 27, 26
7, 6, 27
7, 28
7, 29
7, 8, 30
7, 8, 9, 31
7, 8, 9, 10, 32
7, 8, 9, 10, 11, 33
7, 8, 9, 10, 11, 12, 34
7, 8, 9, 10, 11, 12, 13, 35
7, 8, 9, 10, 11, 12, 13, 14, 36
7, 8, 9, 10, 11, 12, 13, 14, 15, 37
7, 8, 9, 10, 11, 12, 13, 14, 15, 16, 38
7, 8, 9, 10, 11, 12, 13, 14, 15, 16, 17, 39
7, 6, 5, 4, 3, 2, 1, 0, 21, 20, 19, 40
7, 6, 5, 4, 3, 2, 1, 0, 21, 20, 41
7, 6, 5, 4, 3, 2, 1, 0, 21, 42
7, 6, 5, 4, 3, 2, 1, 0, 43
7, 6, 27, 26, 25, 47, 46, 45, 44
7, 6, 27, 26, 25, 47, 46, 45
7, 6, 27, 26, 25, 47, 46
7, 6, 27, 26, 25, 47
7, 6, 27, 26, 48
7, 6, 27, 49
7, 28, 50
7, 28, 51
7, 29, 52
7, 8, 30, 53
7, 8, 9, 31, 54
7, 8, 9, 10, 32, 55
7, 8, 9, 10, 11, 33, 56
7, 8, 9, 10, 11, 12, 34, 57
7, 8, 9, 10, 11, 12, 13, 35, 58
7, 8, 9, 10, 11, 12, 13, 14, 36, 59
7, 8, 9, 10, 11, 12, 13, 14, 15, 37, 60
7, 8, 9, 10, 11, 12, 13, 14, 15, 16, 38, 61
7, 6, 5, 4, 3, 2, 1, 0, 21, 20, 19, 40, 62
7, 6, 5, 4, 3, 2, 1, 0, 21, 20, 41, 63
7, 6, 27, 26, 25, 47, 46, 45, 44, 65, 64
7, 6, 27, 26, 25, 47, 46, 45, 44, 65
8
8, 9
8, 9, 10
8, 9, 10, 11
8, 9, 10, 11, 12
8, 9, 10, 11, 12, 13
8, 9, 10, 11, 12, 13, 14
8, 9, 10, 11, 12, 13, 14, 15
8, 9, 10, 11, 12, 13, 14, 15, 16
8, 9, 10, 11, 12, 13, 14, 15, 16, 17
8, 9, 10, 11, 12, 13, 14, 15, 16, 17, 18
8, 7, 6, 5, 4, 3, 2, 1, 0, 21, 20, 19
8, 7, 6, 5, 4, 3, 2, 1, 0, 21, 20
8, 7, 6, 5, 4, 3, 2, 1, 0, 21
8, 7, 6, 27, 26, 25, 24, 23, 22
8, 7, 6, 27, 26, 25, 24, 23
8, 7, 6, 27, 26, 25, 24
8, 7, 6, 27, 26, 25
8, 7, 6, 27, 26
8, 7, 6, 27
8, 7, 28
8, 29
8, 30
8, 9, 31
8, 9, 10, 32
8, 9, 10, 11, 33
8, 9, 10, 11, 12, 34
8, 9, 10, 11, 12, 13, 35
8, 9, 10, 11, 12, 13, 14, 36
8, 9, 10, 11, 12, 13, 14, 15, 37
8, 9, 10, 11, 12, 13, 14, 15, 16, 38
8, 9, 10, 11, 12, 13, 14, 15, 16, 17, 39
8, 9, 10, 11, 12, 13, 14, 15, 16, 17, 18, 40
8, 7, 6, 5, 4, 3, 2, 1, 0, 21, 20, 41
8, 7, 6, 5, 4, 3, 2, 1, 0, 21, 42
8, 7, 6, 5, 4, 3, 2, 1, 0, 43
8, 7, 6, 27, 26, 25, 47, 46, 45, 44
8, 7, 6, 27, 26, 25, 47, 46, 45
8, 7, 6, 27, 26, 25, 47, 46
8, 7, 6, 27, 26, 25, 47
8, 7, 6, 27, 26, 48
8, 7, 6, 27, 49
8, 7, 28, 50
8, 29, 51
8, 29, 52
8, 30, 53
8, 9, 31, 54
8, 9, 10, 32, 55
8, 9, 10, 11, 33, 56
8, 9, 10, 11, 12, 34, 57
8, 9, 10, 11, 12, 13, 35, 58
8, 9, 10, 11, 12, 13, 14, 36, 59
8, 9, 10, 11, 12, 13, 14, 15, 37, 60
8, 9, 10, 11, 12, 13, 14, 15, 16, 38, 61
8, 9, 10, 11, 12, 13, 14, 15, 16, 17, 39, 62
8, 7, 6, 5, 4, 3, 2, 1, 0, 21, 20, 41, 63
8, 7, 6, 27, 26, 25, 47, 46, 45, 44, 65, 64
8, 7, 6, 27, 26, 25, 47, 46, 45, 44, 65
9
9, 10
9, 10, 11
9, 10, 11, 12
9, 10, 11, 12, 13
9, 10, 11, 12, 13, 14
9, 10, 11, 12, 13, 14, 15
9, 10, 11, 12, 13, 14, 15, 16
9, 10, 11, 12, 13, 14, 15, 16, 17
9, 10, 11, 12, 13, 14, 15, 16, 17, 18
9, 10, 11, 12, 13, 14, 15, 16, 17, 18, 19
9, 8, 7, 6, 5, 4, 3, 2, 1, 0, 21, 20
9, 8, 7, 6, 5, 4, 3, 2, 1, 0, 21
9, 8, 7, 6, 27, 26, 25, 24, 23, 22
9, 8, 7, 6, 27, 26, 25, 24, 23
9, 8, 7, 6, 27, 26, 25, 24
9, 8, 7, 6, 27, 26, 25
9, 8, 7, 6, 27, 26
9, 8, 7, 6, 27
9, 8, 7, 28
9, 8, 29
9, 30
9, 31
9, 10, 32
9, 10, 11, 33
9, 10, 11, 12, 34
9, 10, 11, 12, 13, 35
9, 10, 11, 12, 13, 14, 36
9, 10, 11, 12, 13, 14, 15, 37
9, 10, 11, 12, 13, 14, 15, 16, 38
9, 10, 11, 12, 13, 14, 15, 16, 17, 39
9, 10, 11, 12, 13, 14, 15, 16, 17, 18, 40
9, 10, 11, 12, 13, 14, 15, 16, 17, 18, 19, 41
9, 8, 7, 6, 5, 4, 3, 2, 1, 0, 21, 42
9, 8, 7, 6, 5, 4, 3, 2, 1, 0, 43
9, 8, 7, 6, 27, 26, 25, 47, 46, 45, 44
9, 8, 7, 6, 27, 26, 25, 47, 46, 45
9, 8, 7, 6, 27, 26, 25, 47, 46
9, 8, 7, 6, 27, 26, 25, 47
9, 8, 7, 6, 27, 26, 48
9, 8, 7, 6, 27, 49
9, 8, 7, 28, 50
9, 8, 29, 51
9, 30, 52
9, 30, 53
9, 31, 54
9, 10, 32, 55
9, 10, 11, 33, 56
9, 10, 11, 12, 34, 57
9, 10, 11, 12, 13, 35, 58
9, 10, 11, 12, 13, 14, 36, 59
9, 10, 11, 12, 13, 14, 15, 37, 60
9, 10, 11, 12, 13, 14, 15, 16, 38, 61
9, 10, 11, 12, 13, 14, 15, 16, 17, 39, 62
9, 10, 11, 12, 13, 14, 15, 16, 17, 18, 40, 63
9, 8, 7, 6, 27, 26, 25, 47, 46, 45, 44, 65, 64
9, 8, 7, 6, 27, 26, 25, 47, 46, 45, 44, 65
10
10, 11
10, 11, 12
10, 11, 12, 13
10, 11, 12, 13, 14
10, 11, 12, 13, 14, 15
10, 11, 12, 13, 14, 15, 16
10, 11, 12, 13, 14, 15, 16, 17
10, 11, 12, 13, 14, 15, 16, 17, 18
10, 11, 12, 13, 14, 15, 16, 17, 18, 19
10, 11, 12, 13, 14, 15, 16, 17, 18, 19, 20
10, 9, 8, 7, 6, 5, 4, 3, 2, 1, 0, 21
10, 9, 8, 7, 6, 27, 26, 25, 24, 23, 22
10, 9, 8, 7, 6, 27, 26, 25, 24, 23
10, 9, 8, 7, 6, 27, 26, 25, 24
10, 9, 8, 7, 6, 27, 26, 25
10, 9, 8, 7, 6, 27, 26
10, 9, 8, 7, 6, 27
10, 9, 8, 7, 28
10, 9, 8, 29
10, 9, 30
10, 31
10, 32
10, 11, 33
10, 11, 12, 34
10, 11, 12, 13, 35
10, 11, 12, 13, 14, 36
10, 11, 12, 13, 14, 15, 37
10, 11, 12, 13, 14, 15, 16, 38
10, 11, 12, 13, 14, 15, 16, 17, 39
10, 11, 12, 13, 14, 15, 16, 17, 18, 40
10, 11, 12, 13, 14, 15, 16, 17, 18, 19, 41
10, 11, 12, 13, 14, 15, 16, 17, 18, 19, 20, 42
10, 9, 8, 7, 6, 5, 4, 3, 2, 1, 0, 43
10, 9, 8, 7, 6, 27, 26, 25, 47, 46, 45, 44
10, 9, 8, 7, 6, 27, 26, 25, 47, 46, 45
10, 9, 8, 7, 6, 27, 26, 25, 47, 46
10, 9, 8, 7, 6, 27, 26, 25, 47
10, 9, 8, 7, 6, 27, 26, 48
10, 9, 8, 7, 6, 27, 49
10, 9, 8, 7, 28, 50
10, 9, 8, 29, 51
10, 9, 30, 52
10, 31, 53
10, 31, 54
10, 32, 55
10, 11, 33, 56
10, 11, 12, 34, 57
10, 11, 12, 13, 35, 58
10, 11, 12, 13, 14, 36, 59
10, 11, 12, 13, 14, 15, 37, 60
10, 11, 12, 13, 14, 15, 16, 38, 61
10, 11, 12, 13, 14, 15, 16, 17, 39, 62
10, 11, 12, 13, 14, 15, 16, 17, 18, 40, 63
10, 11, 12, 13, 14, 15, 16, 17, 18, 19, 41, 64
10, 9, 8, 7, 6, 27, 26, 25, 47, 46, 45, 44, 65
11
11, 12
11, 12, 13
11, 12, 13, 14
11, 12, 13, 14, 15
11, 12, 13, 14, 15, 16
11, 12, 13, 14, 15, 16, 17
11, 12, 13, 14, 15, 16, 17, 18
11, 12, 13, 14, 15, 16, 17, 18, 19
11, 12, 13, 14, 15, 16, 17, 18, 19, 20
11, 12, 13, 14, 15, 16, 17, 18, 19, 20, 21
11, 10, 9, 8, 7, 6, 27, 26, 25, 24, 23, 22
11, 10, 9, 8, 7, 6, 27, 26, 25, 24, 23
11, 10, 9, 8, 7, 6, 27, 26, 25, 24
11, 10, 9, 8, 7, 6, 27, 26, 25
11, 10, 9, 8, 7, 6, 27, 26
11, 10, 9, 8, 7, 6, 27
11, 10, 9, 8, 7, 28
11, 10, 9, 8, 29
11, 10, 9, 30
11, 10, 31
11, 32
11, 33
11, 12, 34
11, 12, 13, 35
11, 12, 13, 14, 36
11, 12, 13, 14, 15, 37
11, 12, 13, 14, 15, 16, 38
11, 12, 13, 14, 15, 16, 17, 39
11, 12, 13, 14, 15, 16, 17, 18, 40
11, 12, 13, 14, 15, 16, 17, 18, 19, 41
11, 12, 13, 14, 15, 16, 17, 18, 19, 20, 42
11, 12, 13, 14, 15, 16, 17, 18, 19, 20, 42, 43
11, 10, 9, 8, 7, 6, 27, 26, 25, 47, 46, 45, 44
11, 10, 9, 8, 7, 6, 27, 26, 25, 47, 46, 45
11, 10, 9, 8, 7, 6, 27, 26, 25, 47, 46
11, 10, 9, 8, 7, 6, 27, 26, 25, 47
11, 10, 9, 8, 7, 6, 27, 26, 48
11, 10, 9, 8, 7, 6, 27, 49
11, 10, 9, 8, 7, 28, 50
11, 10, 9, 8, 29, 51
11, 10, 9, 30, 52
11, 10, 31, 53
11, 32, 54
11, 32, 55
11, 33, 56
11, 12, 34, 57
11, 12, 13, 35, 58
11, 12, 13, 14, 36, 59
11, 12, 13, 14, 15, 37, 60
11, 12, 13, 14, 15, 16, 38, 61
11, 12, 13, 14, 15, 16, 17, 39, 62
11, 12, 13, 14, 15, 16, 17, 18, 40, 63
11, 12, 13, 14, 15, 16, 17, 18, 19, 41, 64
11, 12, 13, 14, 15, 16, 17, 18, 19, 20, 42, 65
12
12, 13
12, 13, 14
12, 13, 14, 15
12, 13, 14, 15, 16
12, 13, 14, 15, 16, 17
12, 13, 14, 15, 16, 17, 18
12, 13, 14, 15, 16, 17, 18, 19
12, 13, 14, 15, 16, 17, 18, 19, 20
12, 13, 14, 15, 16, 17, 18, 19, 20, 21
12, 13, 14, 15, 16, 17, 18, 19, 20, 42, 43, 22
12, 11, 10, 9, 8, 7, 6, 27, 26, 25, 24, 23
12, 11, 10, 9, 8, 7, 6, 27, 26, 25, 24
12, 11, 10, 9, 8, 7, 6, 27, 26, 25
12, 11, 10, 9, 8, 7, 6, 27, 26
12, 11, 10, 9, 8, 7, 6, 27
12, 11, 10, 9, 8, 7, 28
12, 11, 10, 9, 8, 29
12, 11, 10, 9, 30
12, 11, 10, 31
12, 11, 32
12, 33
12, 34
12, 13, 35
12, 13, 14, 36
12, 13, 14, 15, 37
12, 13, 14, 15, 16, 38
12, 13, 14, 15, 16, 17, 39
12, 13, 14, 15, 16, 17, 18, 40
12, 13, 14, 15, 16, 17, 18, 19, 41
12, 13, 14, 15, 16, 17, 18, 19, 20, 42
12, 13, 14, 15, 16, 17, 18, 19, 20, 42, 43
12, 13, 14, 15, 16, 17, 18, 19, 20, 42, 65, 44
12, 11, 10, 9, 8, 7, 6, 27, 26, 25, 47, 46, 45
12, 11, 10, 9, 8, 7, 6, 27, 26, 25, 47, 46
12, 11, 10, 9, 8, 7, 6, 27, 26, 25, 47
12, 11, 10, 9, 8, 7, 6, 27, 26, 48
12, 11, 10, 9, 8, 7, 6, 27, 49
12, 11, 10, 9, 8, 7, 28, 50
12, 11, 10, 9, 8, 29, 51
12, 11, 10, 9, 30, 52
12, 11, 10, 31, 53
12, 11, 32, 54
12, 33, 55
12, 33, 56
12, 34, 57
12, 13, 35, 58
12, 13, 14, 36, 59
12, 13, 14, 15, 37, 60
12, 13, 14, 15, 16, 38, 61
12, 13, 14, 15, 16, 17, 39, 62
12, 13, 14, 15, 16, 17, 18, 40, 63
12, 13, 14, 15, 16, 17, 18, 19, 41, 64
12, 13, 14, 15, 16, 17, 18, 19, 20, 42, 65
13
13, 14
13, 14, 15
13, 14, 15, 16
13, 14, 15, 16, 17
13, 14, 15, 16, 17, 18
13, 14, 15, 16, 17, 18, 19
13, 14, 15, 16, 17, 18, 19, 20
13, 14, 15, 16, 17, 18, 19, 20, 21
13, 14, 15, 16, 17, 18, 19, 20, 42, 43, 22
13, 14, 15, 16, 17, 18, 19, 20, 42, 43, 22, 23
13, 12, 11, 10, 9, 8, 7, 6, 27, 26, 25, 24
13, 12, 11, 10, 9, 8, 7, 6, 27, 26, 25
13, 12, 11, 10, 9, 8, 7, 6, 27, 26
13, 12, 11, 10, 9, 8, 7, 6, 27
13, 12, 11, 10, 9, 8, 7, 28
13, 12, 11, 10, 9, 8, 29
13, 12, 11, 10, 9, 30
13, 12, 11, 10, 31
13, 12, 11, 32
13, 12, 33
13, 34
13, 35
13, 14, 36
13, 14, 15, 37
13, 14, 15, 16, 38
13, 14, 15, 16, 17, 39
13, 14, 15, 16, 17, 18, 40
13, 14, 15, 16, 17, 18, 19, 41
13, 14, 15, 16, 17, 18, 19, 20, 42
13, 14, 15, 16, 17, 18, 19, 20, 42, 43
13, 14, 15, 16, 17, 18, 19, 20, 42, 65, 44
13, 14, 15, 16, 17, 18, 19, 20, 42, 65, 44, 45
13, 12, 11, 10, 9, 8, 7, 6, 27, 26, 25, 47, 46
13, 12, 11, 10, 9, 8, 7, 6, 27, 26, 25, 47
13, 12, 11, 10, 9, 8, 7, 6, 27, 26, 48
13, 12, 11, 10, 9, 8, 7, 6, 27, 49
13, 12, 11, 10, 9, 8, 7, 28, 50
13, 12, 11, 10, 9, 8, 29, 51
13, 12, 11, 10, 9, 30, 52
13, 12, 11, 10, 31, 53
13, 12, 11, 32, 54
13, 12, 33, 55
13, 34, 56
13, 34, 57
13, 35, 58
13, 14, 36, 59
13, 14, 15, 37, 60
13, 14, 15, 16, 38, 61
13, 14, 15, 16, 17, 39, 62
13, 14, 15, 16, 17, 18, 40, 63
13, 14, 15, 16, 17, 18, 19, 41, 64
13, 14, 15, 16, 17, 18, 19, 20, 42, 65
14
14, 15
14, 15, 16
14, 15, 16, 17
14, 15, 16, 17, 18
14, 15, 16, 17, 18, 19
14, 15, 16, 17, 18, 19, 20
14, 15, 16, 17, 18, 19, 20, 21
14, 15, 16, 17, 18, 19, 20, 42, 43, 22
14, 15, 16, 17, 18, 19, 20, 42, 43, 22, 23
14, 15, 16, 17, 18, 19, 20, 42, 43, 22, 23, 24
14, 13, 12, 11, 10, 9, 8, 7, 6, 27, 26, 25
14, 13, 12, 11, 10, 9, 8, 7, 6, 27, 26
14, 13, 12, 11, 10, 9, 8, 7, 6, 27
14, 13, 12, 11, 10, 9, 8, 7, 28
14, 13, 12, 11, 10, 9, 8, 29
14, 13, 12, 11, 10, 9, 30
14, 13, 12, 11, 10, 31
14, 13, 12, 11, 32
14, 13, 12, 33
14, 13, 34
14, 35
14, 36
14, 15, 37
14, 15, 16, 38
14, 15, 16, 17, 39
14, 15, 16, 17, 18, 40
14, 15, 16, 17, 18, 19, 41
14, 15, 16, 17, 18, 19, 20, 42
14, 15, 16, 17, 18, 19, 20, 42, 43
14, 15, 16, 17, 18, 19, 20, 42, 65, 44
14, 15, 16, 17, 18, 19, 20, 42, 65, 44, 45
14, 15, 16, 17, 18, 19, 20, 42, 65, 44, 45, 46
14, 13, 12, 11, 10, 9, 8, 7, 6, 27, 26, 25, 47
14, 13, 12, 11, 10, 9, 8, 7, 6, 27, 26, 48
14, 13, 12, 11, 10, 9, 8, 7, 6, 27, 49
14, 13, 12, 11, 10, 9, 8, 7, 28, 50
14, 13, 12, 11, 10, 9, 8, 29, 51
14, 13, 12, 11, 10, 9, 30, 52
14, 13, 12, 11, 10, 31, 53
14, 13, 12, 11, 32, 54
14, 13, 12, 33, 55
14, 13, 34, 56
14, 35, 57
14, 35, 58
14, 36, 59
14, 15, 37, 60
14, 15, 16, 38, 61
14, 15, 16, 17, 39, 62
14, 15, 16, 17, 18, 40, 63
14, 15, 16, 17, 18, 19, 41, 64
14, 15, 16, 17, 18, 19, 20, 42, 65
15
15, 16
15, 16, 17
15, 16, 17, 18
15, 16, 17, 18, 19
15, 16, 17, 18, 19, 20
15, 16, 17, 18, 19, 20, 21
15, 16, 17, 18, 19, 20, 42, 43, 22
15, 16, 17, 18, 19, 20, 42, 43, 22, 23
15, 16, 17, 18, 19, 20, 42, 43, 22, 23, 24
15, 16, 17, 18, 19, 20, 21, 0, 1, 2, 3, 25
15, 14, 13, 12, 11, 10, 9, 8, 7, 6, 27, 26
15, 14, 13, 12, 11, 10, 9, 8, 7, 6, 27
15, 14, 13, 12, 11, 10, 9, 8, 7, 28
15, 14, 13, 12, 11, 10, 9, 8, 29
15, 14, 13, 12, 11, 10, 9, 30
15, 14, 13, 12, 11, 10, 31
15, 14, 13, 12, 11, 32
15, 14, 13, 12, 33
15, 14, 13, 34
15, 14, 35
15, 36
15, 37
15, 16, 38
15, 16, 17, 39
15, 16, 17, 18, 40
15, 16, 17, 18, 19, 41
15, 16, 17, 18, 19, 20, 42
15, 16, 17, 18, 19, 20, 42, 43
15, 16, 17, 18, 19, 20, 42, 65, 44
15, 16, 17, 18, 19, 20, 42, 65, 44, 45
15, 16, 17, 18, 19, 20, 42, 65, 44, 45, 46
15, 16, 17, 18, 19, 20, 42, 65, 44, 45, 46, 47
15, 14, 13, 12, 11, 10, 9, 8, 7, 6, 27, 26, 48
15, 14, 13, 12, 11, 10, 9, 8, 7, 6, 27, 49
15, 14, 13, 12, 11, 10, 9, 8, 7, 28, 50
15, 14, 13, 12, 11, 10, 9, 8, 29, 51
15, 14, 13, 12, 11, 10, 9, 30, 52
15, 14, 13, 12, 11, 10, 31, 53
15, 14, 13, 12, 11, 32, 54
15, 14, 13, 12, 33, 55
15, 14, 13, 34, 56
15, 14, 35, 57
15, 36, 58
15, 36, 59
15, 37, 60
15, 16, 38, 61
15, 16, 17, 39, 62
15, 16, 17, 18, 40, 63
15, 16, 17, 18, 19, 41, 64
15, 16, 17, 18, 19, 20, 42, 65
16
16, 17
16, 17, 18
16, 17, 18, 19
16, 17, 18, 19, 20
16, 17, 18, 19, 20, 21
16, 17, 18, 19, 20, 42, 43, 22
16, 17, 18, 19, 20, 42, 43, 22, 23
16, 17, 18, 19, 20, 42, 43, 22, 23, 24
16, 17, 18, 19, 20, 21, 0, 1, 2, 3, 25
16, 17, 18, 19, 20, 21, 0, 1, 2, 3, 4, 26
16, 15, 14, 13, 12, 11, 10, 9, 8, 7, 6, 27
16, 15, 14, 13, 12, 11, 10, 9, 8, 7, 28
16, 15, 14, 13, 12, 11, 10, 9, 8, 29
16, 15, 14, 13, 12, 11, 10, 9, 30
16, 15, 14, 13, 12, 11, 10, 31
16, 15, 14, 13, 12, 11, 32
16, 15, 14, 13, 12, 33
16, 15, 14, 13, 34
16, 15, 14, 35
16, 15, 36
16, 37
16, 38
16, 17, 39
16, 17, 18, 40
16, 17, 18, 19, 41
16, 17, 18, 19, 20, 42
16, 17, 18, 19, 20, 42, 43
16, 17, 18, 19, 20, 42, 65, 44
16, 17, 18, 19, 20, 42, 65, 44, 45
16, 17, 18, 19, 20, 42, 65, 44, 45, 46
16, 17, 18, 19, 20, 42, 65, 44, 45, 46, 47
16, 17, 18, 19, 20, 42, 65, 44, 45, 46, 47, 48
16, 15, 14, 13, 12, 11, 10, 9, 8, 7, 6, 27, 49
16, 15, 14, 13, 12, 11, 10, 9, 8, 7, 28, 50
16, 15, 14, 13, 12, 11, 10, 9, 8, 29, 51
16, 15, 14, 13, 12, 11, 10, 9, 30, 52
16, 15, 14, 13, 12, 11, 10, 31, 53
16, 15, 14, 13, 12, 11, 32, 54
16, 15, 14, 13, 12, 33, 55
16, 15, 14, 13, 34, 56
16, 15, 14, 35, 57
16, 15, 36, 58
16, 37, 59
16, 37, 60
16, 38, 61
16, 17, 39, 62
16, 17, 18, 40, 63
16, 17, 18, 19, 41, 64
16, 17, 18, 19, 20, 42, 65
17
17, 18
17, 18, 19
17, 18, 19, 20
17, 18, 19, 20, 21
17, 18, 19, 20, 42, 43, 22
17, 18, 19, 20, 42, 43, 22, 23
17, 18, 19, 20, 42, 43, 22, 23, 24
17, 18, 19, 20, 21, 0, 1, 2, 3, 25
17, 18, 19, 20, 21, 0, 1, 2, 3, 4, 26
17, 18, 19, 20, 21, 0, 1, 2, 3, 4, 5, 27
17, 16, 15, 14, 13, 12, 11, 10, 9, 8, 7, 28
17, 16, 15, 14, 13, 12, 11, 10, 9, 8, 29
17, 16, 15, 14, 13, 12, 11, 10, 9, 30
17, 16, 15, 14, 13, 12, 11, 10, 31
17, 16, 15, 14, 13, 12, 11, 32
17, 16, 15, 14, 13, 12, 33
17, 16, 15, 14, 13, 34
17, 16, 15, 14, 35
17, 16, 15, 36
17, 16, 37
17, 38
17, 39
17, 18, 40
17, 18, 19, 41
17, 18, 19, 20, 42
17, 18, 19, 20, 42, 43
17, 18, 19, 20, 42, 65, 44
17, 18, 19, 20, 42, 65, 44, 45
17, 18, 19, 20, 42, 65, 44, 45, 46
17, 18, 19, 20, 42, 65, 44, 45, 46, 47
17, 18, 19, 20, 42, 65, 44, 45, 46, 47, 48
17, 18, 19, 20, 21, 0, 1, 2, 3, 4, 26, 49
17, 16, 15, 14, 13, 12, 11, 10, 9, 8, 7, 28, 50
17, 16, 15, 14, 13, 12, 11, 10, 9, 8, 29, 51
17, 16, 15, 14, 13, 12, 11, 10, 9, 30, 52
17, 16, 15, 14, 13, 12, 11, 10, 31, 53
17, 16, 15, 14, 13, 12, 11, 32, 54
17, 16, 15, 14, 13, 12, 33, 55
17, 16, 15, 14, 13, 34, 56
17, 16, 15, 14, 35, 57
17, 16, 15, 36, 58
17, 16, 37, 59
17, 38, 60
17, 38, 61
17, 39, 62
17, 18, 40, 63
17, 18, 19, 41, 64
17, 18, 19, 20, 42, 65
18
18, 19
18, 19, 20
18, 19, 20, 21
18, 19, 20, 42, 43, 22
18, 19, 20, 42, 43, 22, 23
18, 19, 20, 42, 43, 22, 23, 24
18, 19, 20, 21, 0, 1, 2, 3, 25
18, 19, 20, 21, 0, 1, 2, 3, 4, 26
18, 19, 20, 21, 0, 1, 2, 3, 4, 5, 27
18, 19, 20, 21, 0, 1, 2, 3, 4, 5, 6, 28
18, 17, 16, 15, 14, 13, 12, 11, 10, 9, 8, 29
18, 17, 16, 15, 14, 13, 12, 11, 10, 9, 30
18, 17, 16, 15, 14, 13, 12, 11, 10, 31
18, 17, 16, 15, 14, 13, 12, 11, 32
18, 17, 16, 15, 14, 13, 12, 33
18, 17, 16, 15, 14, 13, 34
18, 17, 16, 15, 14, 35
18, 17, 16, 15, 36
18, 17, 16, 37
18, 17, 38
18, 39
18, 40
18, 19, 41
18, 19, 20, 42
18, 19, 20, 42, 43
18, 19, 20, 42, 65, 44
18, 19, 20, 42, 65, 44, 45
18, 19, 20, 42, 65, 44, 45, 46
18, 19, 20, 42, 65, 44, 45, 46, 47
18, 19, 20, 42, 65, 44, 45, 46, 47, 48
18, 19, 20, 21, 0, 1, 2, 3, 4, 26, 49
18, 19, 20, 21, 0, 1, 2, 3, 4, 5, 27, 50
18, 17, 16, 15, 14, 13, 12, 11, 10, 9, 8, 29, 51
18, 17, 16, 15, 14, 13, 12, 11, 10, 9, 30, 52
18, 17, 16, 15, 14, 13, 12, 11, 10, 31, 53
18, 17, 16, 15, 14, 13, 12, 11, 32, 54
18, 17, 16, 15, 14, 13, 12, 33, 55
18, 17, 16, 15, 14, 13, 34, 56
18, 17, 16, 15, 14, 35, 57
18, 17, 16, 15, 36, 58
18, 17, 16, 37, 59
18, 17, 38, 60
18, 39, 61
18, 39, 62
18, 40, 63
18, 19, 41, 64
18, 19, 20, 42, 65
19
19, 20
19, 20, 21
19, 20, 42, 43, 22
19, 20, 42, 43, 22, 23
19, 20, 42, 43, 22, 23, 24
19, 20, 21, 0, 1, 2, 3, 25
19, 20, 21, 0, 1, 2, 3, 4, 26
19, 20, 21, 0, 1, 2, 3, 4, 5, 27
19, 20, 21, 0, 1, 2, 3, 4, 5, 6, 28
19, 20, 21, 0, 1, 2, 3, 4, 5, 6, 7, 29
19, 18, 17, 16, 15, 14, 13, 12, 11, 10, 9, 30
19, 18, 17, 16, 15, 14, 13, 12, 11, 10, 31
19, 18, 17, 16, 15, 14, 13, 12, 11, 32
19, 18, 17, 16, 15, 14, 13, 12, 33
19, 18, 17, 16, 15, 14, 13, 34
19, 18, 17, 16, 15, 14, 35
19, 18, 17, 16, 15, 36
19, 18, 17, 16, 37
19, 18, 17, 38
19, 18, 39
19, 40
19, 41
19, 20, 42
19, 20, 42, 43
19, 20, 42, 65, 44
19, 20, 42, 65, 44, 45
19, 20, 42, 65, 44, 45, 46
19, 20, 42, 65, 44, 45, 46, 47
19, 20, 42, 65, 44, 45, 46, 47, 48
19, 20, 21, 0, 1, 2, 3, 4, 26, 49
19, 20, 21, 0, 1, 2, 3, 4, 5, 27, 50
19, 20, 21, 0, 1, 2, 3, 4, 5, 6, 28, 51
19, 18, 17, 16, 15, 14, 13, 12, 11, 10, 9, 30, 52
19, 18, 17, 16, 15, 14, 13, 12, 11, 10, 31, 53
19, 18, 17, 16, 15, 14, 13, 12, 11, 32, 54
19, 18, 17, 16, 15, 14, 13, 12, 33, 55
19, 18, 17, 16, 15, 14, 13, 34, 56
19, 18, 17, 16, 15, 14, 35, 57
19, 18, 17, 16, 15, 36, 58
19, 18, 17, 16, 37, 59
19, 18, 17, 38, 60
19, 18, 39, 61
19, 40, 62
19, 40, 63
19, 41, 64
19, 20, 42, 65
20
20, 21
20, 42, 43, 22
20, 42, 43, 22, 23
20, 42, 43, 22, 23, 24
20, 21, 0, 1, 2, 3, 25
20, 21, 0, 1, 2, 3, 4, 26
20, 21, 0, 1, 2, 3, 4, 5, 27
20, 21, 0, 1, 2, 3, 4, 5, 6, 28
20, 21, 0, 1, 2, 3, 4, 5, 6, 7, 29
20, 21, 0, 1, 2, 3, 4, 5, 6, 7, 8, 30
20, 19, 18, 17, 16, 15, 14, 13, 12, 11, 10, 31
20, 19, 18, 17, 16, 15, 14, 13, 12, 11, 32
20, 19, 18, 17, 16, 15, 14, 13, 12, 33
20, 19, 18, 17, 16, 15, 14, 13, 34
20, 19, 18, 17, 16, 15, 14, 35
20, 19, 18, 17, 16, 15, 36
20, 19, 18, 17, 16, 37
20, 19, 18, 17, 38
20, 19, 18, 39
20, 19, 40
20, 41
20, 42
20, 42, 43
20, 42, 65, 44
20, 42, 65, 44, 45
20, 42, 65, 44, 45, 46
20, 42, 65, 44, 45, 46, 47
20, 42, 65, 44, 45, 46, 47, 48
20, 21, 0, 1, 2, 3, 4, 26, 49
20, 21, 0, 1, 2, 3, 4, 5, 27, 50
20, 21, 0, 1, 2, 3, 4, 5, 6, 28, 51
20, 21, 0, 1, 2, 3, 4, 5, 6, 7, 29, 52
20, 19, 18, 17, 16, 15, 14, 13, 12, 11, 10, 31, 53
20, 19, 18, 17, 16, 15, 14, 13, 12, 11, 32, 54
20, 19, 18, 17, 16, 15, 14, 13, 12, 33, 55
20, 19, 18, 17, 16, 15, 14, 13, 34, 56
20, 19, 18, 17, 16, 15, 14, 35, 57
20, 19, 18, 17, 16, 15, 36, 58
20, 19, 18, 17, 16, 37, 59
20, 19, 18, 17, 38, 60
20, 19, 18, 39, 61
20, 19, 40, 62
20, 41, 63
20, 41, 64
20, 42, 65
21
21, 0, 43, 22
21, 0, 43, 22, 23
21, 0, 43, 22, 23, 24
21, 0, 1, 2, 3, 25
21, 0, 1, 2, 3, 4, 26
21, 0, 1, 2, 3, 4, 5, 27
21, 0, 1, 2, 3, 4, 5, 6, 28
21, 0, 1, 2, 3, 4, 5, 6, 7, 29
21, 0, 1, 2, 3, 4, 5, 6, 7, 8, 30
21, 0, 1, 2, 3, 4, 5, 6, 7, 8, 9, 31
21, 20, 19, 18, 17, 16, 15, 14, 13, 12, 11, 32
21, 20, 19, 18, 17, 16, 15, 14, 13, 12, 33
21, 20, 19, 18, 17, 16, 15, 14, 13, 34
21, 20, 19, 18, 17, 16, 15, 14, 35
21, 20, 19, 18, 17, 16, 15, 36
21, 20, 19, 18, 17, 16, 37
21, 20, 19, 18, 17, 38
21, 20, 19, 18, 39
21, 20, 19, 40
21, 20, 41
21, 42
21, 0, 43
21, 42, 65, 44
21, 42, 65, 44, 45
21, 42, 65, 44, 45, 46
21, 0, 1, 2, 3, 25, 47
21, 0, 1, 2, 3, 4, 26, 48
21, 0, 1, 2, 3, 4, 26, 49
21, 0, 1, 2, 3, 4, 5, 27, 50
21, 0, 1, 2, 3, 4, 5, 6, 28, 51
21, 0, 1, 2, 3, 4, 5, 6, 7, 29, 52
21, 0, 1, 2, 3, 4, 5, 6, 7, 8, 30, 53
21, 0, 1, 2, 3, 4, 5, 6, 7, 8, 9, 31, 54
21, 20, 19, 18, 17, 16, 15, 14, 13, 12, 33, 55
21, 20, 19, 18, 17, 16, 15, 14, 13, 34, 56
21, 20, 19, 18, 17, 16, 15, 14, 35, 57
21, 20, 19, 18, 17, 16, 15, 36, 58
21, 20, 19, 18, 17, 16, 37, 59
21, 20, 19, 18, 17, 38, 60
21, 20, 19, 18, 39, 61
21, 20, 19, 40, 62
21, 20, 41, 63
21, 20, 41, 64
21, 42, 65
22
22, 23
22, 23, 24
22, 23, 24, 25
22, 23, 24, 25, 26
22, 23, 24, 25, 26, 27
22, 23, 24, 25, 26, 27, 28
22, 23, 24, 25, 26, 27, 28, 29
22, 23, 24, 25, 26, 27, 28, 29, 30
22, 23, 24, 25, 26, 27, 28, 29, 30, 31
22, 23, 24, 25, 26, 27, 28, 29, 30, 31, 32
22, 23, 24, 25, 26, 27, 28, 29, 30, 31, 32, 33
22, 43, 42, 41, 40, 39, 38, 37, 36, 35, 34
22, 43, 42, 41, 40, 39, 38, 37, 36, 35
22, 43, 42, 41, 40, 39, 38, 37, 36
22, 43, 42, 41, 40, 39, 38, 37
22, 43, 42, 41, 40, 39, 38
22, 43, 42, 41, 40, 39
22, 43, 42, 41, 40
22, 43, 42, 41
22, 43, 42
22, 43
22, 43, 42, 65, 44
22, 43, 42, 65, 44, 45
22, 23, 24, 25, 47, 46
22, 23, 24, 25, 47
22, 23, 24, 25, 26, 48
22, 23, 24, 25, 26, 49
22, 23, 24, 25, 26, 27, 50
22, 23, 24, 25, 26, 27, 28, 51
22, 23, 24, 25, 26, 27, 28, 29, 52
22, 23, 24, 25, 26, 27, 28, 29, 30, 53
22, 23, 24, 25, 26, 27, 28, 29, 30, 31, 54
22, 23, 24, 25, 26, 27, 28, 29, 30, 31, 32, 55
22, 43, 42, 41, 40, 39, 38, 37, 36, 35, 34, 56
22, 43, 42, 41, 40, 39, 38, 37, 36, 35, 57
22, 43, 42, 41, 40, 39, 38, 37, 36, 58
22, 43, 42, 41, 40, 39, 38, 37, 59
22, 43, 42, 41, 40, 39, 38, 60
22, 43, 42, 41, 40, 39, 61
22, 43, 42, 41, 40, 62
22, 43, 42, 41, 63
22, 43, 42, 41, 64
22, 43, 42, 65
23
23, 24
23, 24, 25
23, 24, 25, 26
23, 24, 25, 26, 27
23, 24, 25, 26, 27, 28
23, 24, 25, 26, 27, 28, 29
23, 24, 25, 26, 27, 28, 29, 30
23, 24, 25, 26, 27, 28, 29, 30, 31
23, 24, 25, 26, 27, 28, 29, 30, 31, 32
23, 24, 25, 26, 27, 28, 29, 30, 31, 32, 33
23, 22, 43, 42, 41, 40, 39, 38, 37, 36, 35, 34
23, 22, 43, 42, 41, 40, 39, 38, 37, 36, 35
23, 22, 43, 42, 41, 40, 39, 38, 37, 36
23, 22, 43, 42, 41, 40, 39, 38, 37
23, 22, 43, 42, 41, 40, 39, 38
23, 22, 43, 42, 41, 40, 39
23, 22, 43, 42, 41, 40
23, 22, 43, 42, 41
23, 22, 43, 42
23, 22, 43
23, 22, 43, 42, 65, 44
23, 24, 25, 47, 46, 45
23, 24, 25, 47, 46
23, 24, 25, 47
23, 24, 25, 26, 48
23, 24, 25, 26, 49
23, 24, 25, 26, 27, 50
23, 24, 25, 26, 27, 28, 51
23, 24, 25, 26, 27, 28, 29, 52
23, 24, 25, 26, 27, 28, 29, 30, 53
23, 24, 25, 26, 27, 28, 29, 30, 31, 54
23, 24, 25, 26, 27, 28, 29, 30, 31, 32, 55
23, 24, 25, 26, 27, 28, 29, 30, 31, 32, 33, 56
23, 22, 43, 42, 41, 40, 39, 38, 37, 36, 35, 57
23, 22, 43, 42, 41, 40, 39, 38, 37, 36, 58
23, 22, 43, 42, 41, 40, 39, 38, 37, 59
23, 22, 43, 42, 41, 40, 39, 38, 60
23, 22, 43, 42, 41, 40, 39, 61
23, 22, 43, 42, 41, 40, 62
23, 22, 43, 42, 41, 63
23, 22, 43, 42, 41, 64
23, 22, 43, 42, 65
24
24, 25
24, 25, 26
24, 25, 26, 27
24, 25, 26, 27, 28
24, 25, 26, 27, 28, 29
24, 25, 26, 27, 28, 29, 30
24, 25, 26, 27, 28, 29, 30, 31
24, 25, 26, 27, 28, 29, 30, 31, 32
24, 25, 26, 27, 28, 29, 30, 31, 32, 33
24, 25, 26, 27, 28, 29, 30, 31, 32, 33, 34
24, 23, 22, 43, 42, 41, 40, 39, 38, 37, 36, 35
24, 23, 22, 43, 42, 41, 40, 39, 38, 37, 36
24, 23, 22, 43, 42, 41, 40, 39, 38, 37
24, 23, 22, 43, 42, 41, 40, 39, 38
24, 23, 22, 43, 42, 41, 40, 39
24, 23, 22, 43, 42, 41, 40
24, 23, 22, 43, 42, 41
24, 23, 22, 43, 42
24, 23, 22, 43
24, 25, 47, 46, 45, 44
24, 25, 47, 46, 45
24, 25, 47, 46
24, 25, 47
24, 25, 26, 48
24, 25, 26, 49
24, 25, 26, 27, 50
24, 25, 26, 27, 28, 51
24, 25, 26, 27, 28, 29, 52
24, 25, 26, 27, 28, 29, 30, 53
24, 25, 26, 27, 28, 29, 30, 31, 54
24, 25, 26, 27, 28, 29, 30, 31, 32, 55
24, 25, 26, 27, 28, 29, 30, 31, 32, 33, 56
24, 25, 26, 27, 28, 29, 30, 31, 32, 33, 34, 57
24, 23, 22, 43, 42, 41, 40, 39, 38, 37, 36, 58
24, 23, 22, 43, 42, 41, 40, 39, 38, 37, 59
24, 23, 22, 43, 42, 41, 40, 39, 38, 60
24, 23, 22, 43, 42, 41, 40, 39, 61
24, 23, 22, 43, 42, 41, 40, 62
24, 23, 22, 43, 42, 41, 63
24, 23, 22, 43, 42, 41, 64
24, 23, 22, 43, 42, 65
25
25, 26
25, 26, 27
25, 26, 27, 28
25, 26, 27, 28, 29
25, 26, 27, 28, 29, 30
25, 26, 27, 28, 29, 30, 31
25, 26, 27, 28, 29, 30, 31, 32
25, 26, 27, 28, 29, 30, 31, 32, 33
25, 26, 27, 28, 29, 30, 31, 32, 33, 34
25, 26, 27, 28, 29, 30, 31, 32, 33, 34, 35
25, 24, 23, 22, 43, 42, 41, 40, 39, 38, 37, 36
25, 24, 23, 22, 43, 42, 41, 40, 39, 38, 37
25, 24, 23, 22, 43, 42, 41, 40, 39, 38
25, 24, 23, 22, 43, 42, 41, 40, 39
25, 24, 23, 22, 43, 42, 41, 40
25, 24, 23, 22, 43, 42, 41
25, 24, 23, 22, 43, 42
25, 24, 23, 22, 43
25, 47, 46, 45, 44
25, 47, 46, 45
25, 47, 46
25, 47
25, 26, 48
25, 26, 49
25, 26, 27, 50
25, 26, 27, 28, 51
25, 26, 27, 28, 29, 52
25, 26, 27, 28, 29, 30, 53
25, 26, 27, 28, 29, 30, 31, 54
25, 26, 27, 28, 29, 30, 31, 32, 55
25, 26, 27, 28, 29, 30, 31, 32, 33, 56
25, 26, 27, 28, 29, 30, 31, 32, 33, 34, 57
25, 26, 27, 28, 29, 30, 31, 32, 33, 34, 35, 58
25, 24, 23, 22, 43, 42, 41, 40, 39, 38, 37, 59
25, 24, 23, 22, 43, 42, 41, 40, 39, 38, 60
25, 24, 23, 22, 43, 42, 41, 40, 39, 61
25, 24, 23, 22, 43, 42, 41, 40, 62
25, 24, 23, 22, 43, 42, 41, 63
25, 47, 46, 45, 44, 65, 64
25, 47, 46, 45, 44, 65
26
26, 27
26, 27, 28
26, 27, 28, 29
26, 27, 28, 29, 30
26, 27, 28, 29, 30, 31
26, 27, 28, 29, 30, 31, 32
26, 27, 28, 29, 30, 31, 32, 33
26, 27, 28, 29, 30, 31, 32, 33, 34
26, 27, 28, 29, 30, 31, 32, 33, 34, 35
26, 27, 28, 29, 30, 31, 32, 33, 34, 35, 36
26, 25, 24, 23, 22, 43, 42, 41, 40, 39, 38, 37
26, 25, 24, 23, 22, 43, 42, 41, 40, 39, 38
26, 25, 24, 23, 22, 43, 42, 41, 40, 39
26, 25, 24, 23, 22, 43, 42, 41, 40
26, 25, 24, 23, 22, 43, 42, 41
26, 25, 24, 23, 22, 43, 42
26, 25, 24, 23, 22, 43
26, 25, 47, 46, 45, 44
26, 25, 47, 46, 45
26, 25, 47, 46
26, 25, 47
26, 48
26, 49
26, 27, 50
26, 27, 28, 51
26, 27, 28, 29, 52
26, 27, 28, 29, 30, 53
26, 27, 28, 29, 30, 31, 54
26, 27, 28, 29, 30, 31, 32, 55
26, 27, 28, 29, 30, 31, 32, 33, 56
26, 27, 28, 29, 30, 31, 32, 33, 34, 57
26, 27, 28, 29, 30, 31, 32, 33, 34, 35, 58
26, 27, 28, 29, 30, 31, 32, 33, 34, 35, 36, 59
26, 25, 24, 23, 22, 43, 42, 41, 40, 39, 38, 60
26, 25, 24, 23, 22, 43, 42, 41, 40, 39, 61
26, 25, 24, 23, 22, 43, 42, 41, 40, 62
26, 25, 24, 23, 22, 43, 42, 41, 63
26, 25, 47, 46, 45, 44, 65, 64
26, 25, 47, 46, 45, 44, 65
27
27, 28
27, 28, 29
27, 28, 29, 30
27, 28, 29, 30, 31
27, 28, 29, 30, 31, 32
27, 28, 29, 30, 31, 32, 33
27, 28, 29, 30, 31, 32, 33, 34
27, 28, 29, 30, 31, 32, 33, 34, 35
27, 28, 29, 30, 31, 32, 33, 34, 35, 36
27, 28, 29, 30, 31, 32, 33, 34, 35, 36, 37
27, 26, 25, 24, 23, 22, 43, 42, 41, 40, 39, 38
27, 26, 25, 24, 23, 22, 43, 42, 41, 40, 39
27, 26, 25, 24, 23, 22, 43, 42, 41, 40
27, 26, 25, 24, 23, 22, 43, 42, 41
27, 26, 25, 24, 23, 22, 43, 42
27, 26, 25, 24, 23, 22, 43
27, 26, 25, 47, 46, 45, 44
27, 26, 25, 47, 46, 45
27, 26, 25, 47, 46
27, 26, 25, 47
27, 26, 48
27, 49
27, 50
27, 28, 51
27, 28, 29, 52
27, 28, 29, 30, 53
27, 28, 29, 30, 31, 54
27, 28, 29, 30, 31, 32, 55
27, 28, 29, 30, 31, 32, 33, 56
27, 28, 29, 30, 31, 32, 33, 34, 57
27, 28, 29, 30, 31, 32, 33, 34, 35, 58
27, 28, 29, 30, 31, 32, 33, 34, 35, 36, 59
27, 28, 29, 30, 31, 32, 33, 34, 35, 36, 37, 60
27, 26, 25, 24, 23, 22, 43, 42, 41, 40, 39, 61
27, 26, 25, 24, 23, 22, 43, 42, 41, 40, 62
27, 26, 25, 24, 23, 22, 43, 42, 41, 63
27, 26, 25, 47, 46, 45, 44, 65, 64
27, 26, 25, 47, 46, 45, 44, 65
28
28, 29
28, 29, 30
28, 29, 30, 31
28, 29, 30, 31, 32
28, 29, 30, 31, 32, 33
28, 29, 30, 31, 32, 33, 34
28, 29, 30, 31, 32, 33, 34, 35
28, 29, 30, 31, 32, 33, 34, 35, 36
28, 29, 30, 31, 32, 33, 34, 35, 36, 37
28, 29, 30, 31, 32, 33, 34, 35, 36, 37, 38
28, 27, 26, 25, 24, 23, 22, 43, 42, 41, 40, 39
28, 27, 26, 25, 24, 23, 22, 43, 42, 41, 40
28, 27, 26, 25, 24, 23, 22, 43, 42, 41
28, 27, 26, 25, 24, 23, 22, 43, 42
28, 27, 26, 25, 24, 23, 22, 43
28, 27, 26, 25, 47, 46, 45, 44
28, 27, 26, 25, 47, 46, 45
28, 27, 26, 25, 47, 46
28, 27, 26, 25, 47
28, 27, 26, 48
28, 27, 49
28, 50
28, 51
28, 29, 52
28, 29, 30, 53
28, 29, 30, 31, 54
28, 29, 30, 31, 32, 55
28, 29, 30, 31, 32, 33, 56
28, 29, 30, 31, 32, 33, 34, 57
28, 29, 30, 31, 32, 33, 34, 35, 58
28, 29, 30, 31, 32, 33, 34, 35, 36, 59
28, 29, 30, 31, 32, 33, 34, 35, 36, 37, 60
28, 29, 30, 31, 32, 33, 34, 35, 36, 37, 38, 61
28, 27, 26, 25, 24, 23, 22, 43, 42, 41, 40, 62
28, 27, 26, 25, 24, 23, 22, 43, 42, 41, 63
28, 27, 26, 25, 47, 46, 45, 44, 65, 64
28, 27, 26, 25, 47, 46, 45, 44, 65
29
29, 30
29, 30, 31
29, 30, 31, 32
29, 30, 31, 32, 33
29, 30, 31, 32, 33, 34
29, 30, 31, 32, 33, 34, 35
29, 30, 31, 32, 33, 34, 35, 36
29, 30, 31, 32, 33, 34, 35, 36, 37
29, 30, 31, 32, 33, 34, 35, 36, 37, 38
29, 30, 31, 32, 33, 34, 35, 36, 37, 38, 39
29, 28, 27, 26, 25, 24, 23, 22, 43, 42, 41, 40
29, 28, 27, 26, 25, 24, 23, 22, 43, 42, 41
29, 28, 27, 26, 25, 24, 23, 22, 43, 42
29, 28, 27, 26, 25, 24, 23, 22, 43
29, 28, 27, 26, 25, 47, 46, 45, 44
29, 28, 27, 26, 25, 47, 46, 45
29, 28, 27, 26, 25, 47, 46
29, 28, 27, 26, 25, 47
29, 28, 27, 26, 48
29, 28, 27, 49
29, 28, 50
29, 51
29, 52
29, 30, 53
29, 30, 31, 54
29, 30, 31, 32, 55
29, 30, 31, 32, 33, 56
29, 30, 31, 32, 33, 34, 57
29, 30, 31, 32, 33, 34, 35, 58
29, 30, 31, 32, 33, 34, 35, 36, 59
29, 30, 31, 32, 33, 34, 35, 36, 37, 60
29, 30, 31, 32, 33, 34, 35, 36, 37, 38, 61
29, 30, 31, 32, 33, 34, 35, 36, 37, 38, 39, 62
29, 28, 27, 26, 25, 24, 23, 22, 43, 42, 41, 63
29, 28, 27, 26, 25, 47, 46, 45, 44, 65, 64
29, 28, 27, 26, 25, 47, 46, 45, 44, 65
30
30, 31
30, 31, 32
30, 31, 32, 33
30, 31, 32, 33, 34
30, 31, 32, 33, 34, 35
30, 31, 32, 33, 34, 35, 36
30, 31, 32, 33, 34, 35, 36, 37
30, 31, 32, 33, 34, 35, 36, 37, 38
30, 31, 32, 33, 34, 35, 36, 37, 38, 39
30, 31, 32, 33, 34, 35, 36, 37, 38, 39, 40
30, 29, 28, 27, 26, 25, 24, 23, 22, 43, 42, 41
30, 29, 28, 27, 26, 25, 24, 23, 22, 43, 42
30, 29, 28, 27, 26, 25, 24, 23, 22, 43
30, 29, 28, 27, 26, 25, 47, 46, 45, 44
30, 29, 28, 27, 26, 25, 47, 46, 45
30, 29, 28, 27, 26, 25, 47, 46
30, 29, 28, 27, 26, 25, 47
30, 29, 28, 27, 26, 48
30, 29, 28, 27, 49
30, 29, 28, 50
30, 29, 51
30, 52
30, 53
30, 31, 54
30, 31, 32, 55
30, 31, 32, 33, 56
30, 31, 32, 33, 34, 57
30, 31, 32, 33, 34, 35, 58
30, 31, 32, 33, 34, 35, 36, 59
30, 31, 32, 33, 34, 35, 36, 37, 60
30, 31, 32, 33, 34, 35, 36, 37, 38, 61
30, 31, 32, 33, 34, 35, 36, 37, 38, 39, 62
30, 31, 32, 33, 34, 35, 36, 37, 38, 39, 40, 63
30, 29, 28, 27, 26, 25, 47, 46, 45, 44, 65, 64
30, 29, 28, 27, 26, 25, 47, 46, 45, 44, 65
31
31, 32
31, 32, 33
31, 32, 33, 34
31, 32, 33, 34, 35
31, 32, 33, 34, 35, 36
31, 32, 33, 34, 35, 36, 37
31, 32, 33, 34, 35, 36, 37, 38
31, 32, 33, 34, 35, 36, 37, 38, 39
31, 32, 33, 34, 35, 36, 37, 38, 39, 40
31, 32, 33, 34, 35, 36, 37, 38, 39, 40, 41
31, 30, 29, 28, 27, 26, 25, 24, 23, 22, 43, 42
31, 30, 29, 28, 27, 26, 25, 24, 23, 22, 43
31, 30, 29, 28, 27, 26, 25, 47, 46, 45, 44
31, 30, 29, 28, 27, 26, 25, 47, 46, 45
31, 30, 29, 28, 27, 26, 25, 47, 46
31, 30, 29, 28, 27, 26, 25, 47
31, 30, 29, 28, 27, 26, 48
31, 30, 29, 28, 27, 49
31, 30, 29, 28, 50
31, 30, 29, 51
31, 30, 52
31, 53
31, 54
31, 32, 55
31, 32, 33, 56
31, 32, 33, 34, 57
31, 32, 33, 34, 35, 58
31, 32, 33, 34, 35, 36, 59
31, 32, 33, 34, 35, 36, 37, 60
31, 32, 33, 34, 35, 36, 37, 38, 61
31, 32, 33, 34, 35, 36, 37, 38, 39, 62
31, 32, 33, 34, 35, 36, 37, 38, 39, 40, 63
31, 32, 33, 34, 35, 36, 37, 38, 39, 40, 41, 64
31, 30, 29, 28, 27, 26, 25, 47, 46, 45, 44, 65
32
32, 33
32, 33, 34
32, 33, 34, 35
32, 33, 34, 35, 36
32, 33, 34, 35, 36, 37
32, 33, 34, 35, 36, 37, 38
32, 33, 34, 35, 36, 37, 38, 39
32, 33, 34, 35, 36, 37, 38, 39, 40
32, 33, 34, 35, 36, 37, 38, 39, 40, 41
32, 33, 34, 35, 36, 37, 38, 39, 40, 41, 42
32, 31, 30, 29, 28, 27, 26, 25, 24, 23, 22, 43
32, 31, 30, 29, 28, 27, 26, 25, 47, 46, 45, 44
32, 31, 30, 29, 28, 27, 26, 25, 47, 46, 45
32, 31, 30, 29, 28, 27, 26, 25, 47, 46
32, 31, 30, 29, 28, 27, 26, 25, 47
32, 31, 30, 29, 28, 27, 26, 48
32, 31, 30, 29, 28, 27, 49
32, 31, 30, 29, 28, 50
32, 31, 30, 29, 51
32, 31, 30, 52
32, 31, 53
32, 54
32, 55
32, 33, 56
32, 33, 34, 57
32, 33, 34, 35, 58
32, 33, 34, 35, 36, 59
32, 33, 34, 35, 36, 37, 60
32, 33, 34, 35, 36, 37, 38, 61
32, 33, 34, 35, 36, 37, 38, 39, 62
32, 33, 34, 35, 36, 37, 38, 39, 40, 63
32, 33, 34, 35, 36, 37, 38, 39, 40, 41, 64
32, 33, 34, 35, 36, 37, 38, 39, 40, 41, 42, 65
33
33, 34
33, 34, 35
33, 34, 35, 36
33, 34, 35, 36, 37
33, 34, 35, 36, 37, 38
33, 34, 35, 36, 37, 38, 39
33, 34, 35, 36, 37, 38, 39, 40
33, 34, 35, 36, 37, 38, 39, 40, 41
33, 34, 35, 36, 37, 38, 39, 40, 41, 42
33, 34, 35, 36, 37, 38, 39, 40, 41, 42, 43
33, 34, 35, 36, 37, 38, 39, 40, 41, 42, 65, 44
33, 32, 31, 30, 29, 28, 27, 26, 25, 47, 46, 45
33, 32, 31, 30, 29, 28, 27, 26, 25, 47, 46
33, 32, 31, 30, 29, 28, 27, 26, 25, 47
33, 32, 31, 30, 29, 28, 27, 26, 48
33, 32, 31, 30, 29, 28, 27, 49
33, 32, 31, 30, 29, 28, 50
33, 32, 31, 30, 29, 51
33, 32, 31, 30, 52
33, 32, 31, 53
33, 32, 54
33, 55
33, 56
33, 34, 57
33, 34, 35, 58
33, 34, 35, 36, 59
33, 34, 35, 36, 37, 60
33, 34, 35, 36, 37, 38, 61
33, 34, 35, 36, 37, 38, 39, 62
33, 34, 35, 36, 37, 38, 39, 40, 63
33, 34, 35, 36, 37, 38, 39, 40, 41, 64
33, 34, 35, 36, 37, 38, 39, 40, 41, 42, 65
34
34, 35
34, 35, 36
34, 35, 36, 37
34, 35, 36, 37, 38
34, 35, 36, 37, 38, 39
34, 35, 36, 37, 38, 39, 40
34, 35, 36, 37, 38, 39, 40, 41
34, 35, 36, 37, 38, 39, 40, 41, 42
34, 35, 36, 37, 38, 39, 40, 41, 42, 43
34, 35, 36, 37, 38, 39, 40, 41, 42, 65, 44
34, 35, 36, 37, 38, 39, 40, 41, 42, 65, 44, 45
34, 33, 32, 31, 30, 29, 28, 27, 26, 25, 47, 46
34, 33, 32, 31, 30, 29, 28, 27, 26, 25, 47
34, 33, 32, 31, 30, 29, 28, 27, 26, 48
34, 33, 32, 31, 30, 29, 28, 27, 49
34, 33, 32, 31, 30, 29, 28, 50
34, 33, 32, 31, 30, 29, 51
34, 33, 32, 31, 30, 52
34, 33, 32, 31, 53
34, 33, 32, 54
34, 33, 55
34, 56
34, 57
34, 35, 58
34, 35, 36, 59
34, 35, 36, 37, 60
34, 35, 36, 37, 38, 61
34, 35, 36, 37, 38, 39, 62
34, 35, 36, 37, 38, 39, 40, 63
34, 35, 36, 37, 38, 39, 40, 41, 64
34, 35, 36, 37, 38, 39, 40, 41, 42, 65
35
35, 36
35, 36, 37
35, 36, 37, 38
35, 36, 37, 38, 39
35, 36, 37, 38, 39, 40
35, 36, 37, 38, 39, 40, 41
35, 36, 37, 38, 39, 40, 41, 42
35, 36, 37, 38, 39, 40, 41, 42, 43
35, 36, 37, 38, 39, 40, 41, 42, 65, 44
35, 36, 37, 38, 39, 40, 41, 42, 65, 44, 45
35, 36, 37, 38, 39, 40, 41, 42, 65, 44, 45, 46
35, 34, 33, 32, 31, 30, 29, 28, 27, 26, 25, 47
35, 34, 33, 32, 31, 30, 29, 28, 27, 26, 48
35, 34, 33, 32, 31, 30, 29, 28, 27, 49
35, 34, 33, 32, 31, 30, 29, 28, 50
35, 34, 33, 32, 31, 30, 29, 51
35, 34, 33, 32, 31, 30, 52
35, 34, 33, 32, 31, 53
35, 34, 33, 32, 54
35, 34, 33, 55
35, 34, 56
35, 57
35, 58
35, 36, 59
35, 36, 37, 60
35, 36, 37, 38, 61
35, 36, 37, 38, 39, 62
35, 36, 37, 38, 39, 40, 63
35, 36, 37, 38, 39, 40, 41, 64
35, 36, 37, 38, 39, 40, 41, 42, 65
36
36, 37
36, 37, 38
36, 37, 38, 39
36, 37, 38, 39, 40
36, 37, 38, 39, 40, 41
36, 37, 38, 39, 40, 41, 42
36, 37, 38, 39, 40, 41, 42, 43
36, 37, 38, 39, 40, 41, 42, 65, 44
36, 37, 38, 39, 40, 41, 42, 65, 44, 45
36, 37, 38, 39, 40, 41, 42, 65, 44, 45, 46
36, 37, 38, 39, 40, 41, 42, 65, 44, 45, 46, 47
36, 35, 34, 33, 32, 31, 30, 29, 28, 27, 26, 48
36, 35, 34, 33, 32, 31, 30, 29, 28, 27, 49
36, 35, 34, 33, 32, 31, 30, 29, 28, 50
36, 35, 34, 33, 32, 31, 30, 29, 51
36, 35, 34, 33, 32, 31, 30, 52
36, 35, 34, 33, 32, 31, 53
36, 35, 34, 33, 32, 54
36, 35, 34, 33, 55
36, 35, 34, 56
36, 35, 57
36, 58
36, 59
36, 37, 60
36, 37, 38, 61
36, 37, 38, 39, 62
36, 37, 38, 39, 40, 63
36, 37, 38, 39, 40, 41, 64
36, 37, 38, 39, 40, 41, 42, 65
37
37, 38
37, 38, 39
37, 38, 39, 40
37, 38, 39, 40, 41
37, 38, 39, 40, 41, 42
37, 38, 39, 40, 41, 42, 43
37, 38, 39, 40, 41, 42, 65, 44
37, 38, 39, 40, 41, 42, 65, 44, 45
37, 38, 39, 40, 41, 42, 65, 44, 45, 46
37, 38, 39, 40, 41, 42, 65, 44, 45, 46, 47
37, 38, 39, 40, 41, 42, 65, 44, 45, 46, 47, 48
37, 36, 35, 34, 33, 32, 31, 30, 29, 28, 27, 49
37, 36, 35, 34, 33, 32, 31, 30, 29, 28, 50
37, 36, 35, 34, 33, 32, 31, 30, 29, 51
37, 36, 35, 34, 33, 32, 31, 30, 52
37, 36, 35, 34, 33, 32, 31, 53
37, 36, 35, 34, 33, 32, 54
37, 36, 35, 34, 33, 55
37, 36, 35, 34, 56
37, 36, 35, 57
37, 36, 58
37, 59
37, 60
37, 38, 61
37, 38, 39, 62
37, 38, 39, 40, 63
37, 38, 39, 40, 41, 64
37, 38, 39, 40, 41, 42, 65
38
38, 39
38, 39, 40
38, 39, 40, 41
38, 39, 40, 41, 42
38, 39, 40, 41, 42, 43
38, 39, 40, 41, 42, 65, 44
38, 39, 40, 41, 42, 65, 44, 45
38, 39, 40, 41, 42, 65, 44, 45, 46
38, 39, 40, 41, 42, 65, 44, 45, 46, 47
38, 39, 40, 41, 42, 65, 44, 45, 46, 47, 48
38, 39, 40, 41, 42, 43, 22, 23, 24, 25, 26, 49
38, 37, 36, 35, 34, 33, 32, 31, 30, 29, 28, 50
38, 37, 36, 35, 34, 33, 32, 31, 30, 29, 51
38, 37, 36, 35, 34, 33, 32, 31, 30, 52
38, 37, 36, 35, 34, 33, 32, 31, 53
38, 37, 36, 35, 34, 33, 32, 54
38, 37, 36, 35, 34, 33, 55
38, 37, 36, 35, 34, 56
38, 37, 36, 35, 57
38, 37, 36, 58
38, 37, 59
38, 60
38, 61
38, 39, 62
38, 39, 40, 63
38, 39, 40, 41, 64
38, 39, 40, 41, 42, 65
39
39, 40
39, 40, 41
39, 40, 41, 42
39, 40, 41, 42, 43
39, 40, 41, 42, 65, 44
39, 40, 41, 42, 65, 44, 45
39, 40, 41, 42, 65, 44, 45, 46
39, 40, 41, 42, 65, 44, 45, 46, 47
39, 40, 41, 42, 65, 44, 45, 46, 47, 48
39, 40, 41, 42, 43, 22, 23, 24, 25, 26, 49
39, 40, 41, 42, 43, 22, 23, 24, 25, 26, 27, 50
39, 38, 37, 36, 35, 34, 33, 32, 31, 30, 29, 51
39, 38, 37, 36, 35, 34, 33, 32, 31, 30, 52
39, 38, 37, 36, 35, 34, 33, 32, 31, 53
39, 38, 37, 36, 35, 34, 33, 32, 54
39, 38, 37, 36, 35, 34, 33, 55
39, 38, 37, 36, 35, 34, 56
39, 38, 37, 36, 35, 57
39, 38, 37, 36, 58
39, 38, 37, 59
39, 38, 60
39, 61
39, 62
39, 40, 63
39, 40, 41, 64
39, 40, 41, 42, 65
40
40, 41
40, 41, 42
40, 41, 42, 43
40, 41, 42, 65, 44
40, 41, 42, 65, 44, 45
40, 41, 42, 65, 44, 45, 46
40, 41, 42, 65, 44, 45, 46, 47
40, 41, 42, 65, 44, 45, 46, 47, 48
40, 41, 42, 43, 22, 23, 24, 25, 26, 49
40, 41, 42, 43, 22, 23, 24, 25, 26, 27, 50
40, 41, 42, 43, 22, 23, 24, 25, 26, 27, 28, 51
40, 39, 38, 37, 36, 35, 34, 33, 32, 31, 30, 52
40, 39, 38, 37, 36, 35, 34, 33, 32, 31, 53
40, 39, 38, 37, 36, 35, 34, 33, 32, 54
40, 39, 38, 37, 36, 35, 34, 33, 55
40, 39, 38, 37, 36, 35, 34, 56
40, 39, 38, 37, 36, 35, 57
40, 39, 38, 37, 36, 58
40, 39, 38, 37, 59
40, 39, 38, 60
40, 39, 61
40, 62
40, 63
40, 41, 64
40, 41, 42, 65
41
41, 42
41, 42, 43
41, 42, 65, 44
41, 42, 65, 44, 45
41, 42, 65, 44, 45, 46
41, 42, 65, 44, 45, 46, 47
41, 42, 65, 44, 45, 46, 47, 48
41, 42, 43, 22, 23, 24, 25, 26, 49
41, 42, 43, 22, 23, 24, 25, 26, 27, 50
41, 42, 43, 22, 23, 24, 25, 26, 27, 28, 51
41, 42, 43, 22, 23, 24, 25, 26, 27, 28, 29, 52
41, 40, 39, 38, 37, 36, 35, 34, 33, 32, 31, 53
41, 40, 39, 38, 37, 36, 35, 34, 33, 32, 54
41, 40, 39, 38, 37, 36, 35, 34, 33, 55
41, 40, 39, 38, 37, 36, 35, 34, 56
41, 40, 39, 38, 37, 36, 35, 57
41, 40, 39, 38, 37, 36, 58
41, 40, 39, 38, 37, 59
41, 40, 39, 38, 60
41, 40, 39, 61
41, 40, 62
41, 63
41, 64
41, 42, 65
42
42, 43
42, 65, 44
42, 65, 44, 45
42, 65, 44, 45, 46
42, 65, 44, 45, 46, 47
42, 65, 44, 45, 46, 47, 48
42, 43, 22, 23, 24, 25, 26, 49
42, 43, 22, 23, 24, 25, 26, 27, 50
42, 43, 22, 23, 24, 25, 26, 27, 28, 51
42, 43, 22, 23, 24, 25, 26, 27, 28, 29, 52
42, 43, 22, 23, 24, 25, 26, 27, 28, 29, 30, 53
42, 41, 40, 39, 38, 37, 36, 35, 34, 33, 32, 54
42, 41, 40, 39, 38, 37, 36, 35, 34, 33, 55
42, 41, 40, 39, 38, 37, 36, 35, 34, 56
42, 41, 40, 39, 38, 37, 36, 35, 57
42, 41, 40, 39, 38, 37, 36, 58
42, 41, 40, 39, 38, 37, 59
42, 41, 40, 39, 38, 60
42, 41, 40, 39, 61
42, 41, 40, 62
42, 41, 63
42, 41, 64
42, 65
43
43, 42, 65, 44
43, 42, 65, 44, 45
43, 42, 65, 44, 45, 46
43, 22, 23, 24, 25, 47
43, 22, 23, 24, 25, 26, 48
43, 22, 23, 24, 25, 26, 49
43, 22, 23, 24, 25, 26, 27, 50
43, 22, 23, 24, 25, 26, 27, 28, 51
43, 22, 23, 24, 25, 26, 27, 28, 29, 52
43, 22, 23, 24, 25, 26, 27, 28, 29, 30, 53
43, 22, 23, 24, 25, 26, 27, 28, 29, 30, 31, 54
43, 42, 41, 40, 39, 38, 37, 36, 35, 34, 33, 55
43, 42, 41, 40, 39, 38, 37, 36, 35, 34, 56
43, 42, 41, 40, 39, 38, 37, 36, 35, 57
43, 42, 41, 40, 39, 38, 37, 36, 58
43, 42, 41, 40, 39, 38, 37, 59
43, 42, 41, 40, 39, 38, 60
43, 42, 41, 40, 39, 61
43, 42, 41, 40, 62
43, 42, 41, 63
43, 42, 41, 64
43, 42, 65
44
44, 45
44, 45, 46
44, 45, 46, 47
44, 45, 46, 47, 48
44, 45, 46, 47, 48, 49
44, 45, 46, 47, 48, 49, 50
44, 45, 46, 47, 48, 49, 50, 51
44, 45, 46, 47, 48, 49, 50, 51, 52
44, 45, 46, 47, 48, 49, 50, 51, 52, 53
44, 45, 46, 47, 48, 49, 50, 51, 52, 53, 54
44, 45, 46, 47, 48, 49, 50, 51, 52, 53, 54, 55
44, 65, 64, 63, 62, 61, 60, 59, 58, 57, 56
44, 65, 64, 63, 62, 61, 60, 59, 58, 57
44, 65, 64, 63, 62, 61, 60, 59, 58
44, 65, 64, 63, 62, 61, 60, 59
44, 65, 64, 63, 62, 61, 60
44, 65, 64, 63, 62, 61
44, 65, 64, 63, 62
44, 65, 64, 63
44, 65, 64
44, 65
45
45, 46
45, 46, 47
45, 46, 47, 48
45, 46, 47, 48, 49
45, 46, 47, 48, 49, 50
45, 46, 47, 48, 49, 50, 51
45, 46, 47, 48, 49, 50, 51, 52
45, 46, 47, 48, 49, 50, 51, 52, 53
45, 46, 47, 48, 49, 50, 51, 52, 53, 54
45, 46, 47, 48, 49, 50, 51, 52, 53, 54, 55
45, 44, 65, 64, 63, 62, 61, 60, 59, 58, 57, 56
45, 44, 65, 64, 63, 62, 61, 60, 59, 58, 57
45, 44, 65, 64, 63, 62, 61, 60, 59, 58
45, 44, 65, 64, 63, 62, 61, 60, 59
45, 44, 65, 64, 63, 62, 61, 60
45, 44, 65, 64, 63, 62, 61
45, 44, 65, 64, 63, 62
45, 44, 65, 64, 63
45, 44, 65, 64
45, 44, 65
46
46, 47
46, 47, 48
46, 47, 48, 49
46, 47, 48, 49, 50
46, 47, 48, 49, 50, 51
46, 47, 48, 49, 50, 51, 52
46, 47, 48, 49, 50, 51, 52, 53
46, 47, 48, 49, 50, 51, 52, 53, 54
46, 47, 48, 49, 50, 51, 52, 53, 54, 55
46, 47, 48, 49, 50, 51, 52, 53, 54, 55, 56
46, 45, 44, 65, 64, 63, 62, 61, 60, 59, 58, 57
46, 45, 44, 65, 64, 63, 62, 61, 60, 59, 58
46, 45, 44, 65, 64, 63, 62, 61, 60, 59
46, 45, 44, 65, 64, 63, 62, 61, 60
46, 45, 44, 65, 64, 63, 62, 61
46, 45, 44, 65, 64, 63, 62
46, 45, 44, 65, 64, 63
46, 45, 44, 65, 64
46, 45, 44, 65
47
47, 48
47, 48, 49
47, 48, 49, 50
47, 48, 49, 50, 51
47, 48, 49, 50, 51, 52
47, 48, 49, 50, 51, 52, 53
47, 48, 49, 50, 51, 52, 53, 54
47, 48, 49, 50, 51, 52, 53, 54, 55
47, 48, 49, 50, 51, 52, 53, 54, 55, 56
47, 48, 49, 50, 51, 52, 53, 54, 55, 56, 57
47, 46, 45, 44, 65, 64, 63, 62, 61, 60, 59, 58
47, 46, 45, 44, 65, 64, 63, 62, 61, 60, 59
47, 46, 45, 44, 65, 64, 63, 62, 61, 60
47, 46, 45, 44, 65, 64, 63, 62, 61
47, 46, 45, 44, 65, 64, 63, 62
47, 46, 45, 44, 65, 64, 63
47, 46, 45, 44, 65, 64
47, 46, 45, 44, 65
48
48, 49
48, 49, 50
48, 49, 50, 51
48, 49, 50, 51, 52
48, 49, 50, 51, 52, 53
48, 49, 50, 51, 52, 53, 54
48, 49, 50, 51, 52, 53, 54, 55
48, 49, 50, 51, 52, 53, 54, 55, 56
48, 49, 50, 51, 52, 53, 54, 55, 56, 57
48, 49, 50, 51, 52, 53, 54, 55, 56, 57, 58
48, 47, 46, 45, 44, 65, 64, 63, 62, 61, 60, 59
48, 47, 46, 45, 44, 65, 64, 63, 62, 61, 60
48, 47, 46, 45, 44, 65, 64, 63, 62, 61
48, 47, 46, 45, 44, 65, 64, 63, 62
48, 47, 46, 45, 44, 65, 64, 63
48, 47, 46, 45, 44, 65, 64
48, 47, 46, 45, 44, 65
49
49, 50
49, 50, 51
49, 50, 51, 52
49, 50, 51, 52, 53
49, 50, 51, 52, 53, 54
49, 50, 51, 52, 53, 54, 55
49, 50, 51, 52, 53, 54, 55, 56
49, 50, 51, 52, 53, 54, 55, 56, 57
49, 50, 51, 52, 53, 54, 55, 56, 57, 58
49, 50, 51, 52, 53, 54, 55, 56, 57, 58, 59
49, 48, 47, 46, 45, 44, 65, 64, 63, 62, 61, 60
49, 48, 47, 46, 45, 44, 65, 64, 63, 62, 61
49, 48, 47, 46, 45, 44, 65, 64, 63, 62
49, 48, 47, 46, 45, 44, 65, 64, 63
49, 48, 47, 46, 45, 44, 65, 64
49, 48, 47, 46, 45, 44, 65
50
50, 51
50, 51, 52
50, 51, 52, 53
50, 51, 52, 53, 54
50, 51, 52, 53, 54, 55
50, 51, 52, 53, 54, 55, 56
50, 51, 52, 53, 54, 55, 56, 57
50, 51, 52, 53, 54, 55, 56, 57, 58
50, 51, 52, 53, 54, 55, 56, 57, 58, 59
50, 51, 52, 53, 54, 55, 56, 57, 58, 59, 60
50, 49, 48, 47, 46, 45, 44, 65, 64, 63, 62, 61
50, 49, 48, 47, 46, 45, 44, 65, 64, 63, 62
50, 49, 48, 47, 46, 45, 44, 65, 64, 63
50, 49, 48, 47, 46, 45, 44, 65, 64
50, 49, 48, 47, 46, 45, 44, 65
51
51, 52
51, 52, 53
51, 52, 53, 54
51, 52, 53, 54, 55
51, 52, 53, 54, 55, 56
51, 52, 53, 54, 55, 56, 57
51, 52, 53, 54, 55, 56, 57, 58
51, 52, 53, 54, 55, 56, 57, 58, 59
51, 52, 53, 54, 55, 56, 57, 58, 59, 60
51, 52, 53, 54, 55, 56, 57, 58, 59, 60, 61
51, 50, 49, 48, 47, 46, 45, 44, 65, 64, 63, 62
51, 50, 49, 48, 47, 46, 45, 44, 65, 64, 63
51, 50, 49, 48, 47, 46, 45, 44, 65, 64
51, 50, 49, 48, 47, 46, 45, 44, 65
52
52, 53
52, 53, 54
52, 53, 54, 55
52, 53, 54, 55, 56
52, 53, 54, 55, 56, 57
52, 53, 54, 55, 56, 57, 58
52, 53, 54, 55, 56, 57, 58, 59
52, 53, 54, 55, 56, 57, 58, 59, 60
52, 53, 54, 55, 56, 57, 58, 59, 60, 61
52, 53, 54, 55, 56, 57, 58, 59, 60, 61, 62
52, 51, 50, 49, 48, 47, 46, 45, 44, 65, 64, 63
52, 51, 50, 49, 48, 47, 46, 45, 44, 65, 64
52, 51, 50, 49, 48, 47, 46, 45, 44, 65
53
53, 54
53, 54, 55
53, 54, 55, 56
53, 54, 55, 56, 57
53, 54, 55, 56, 57, 58
53, 54, 55, 56, 57, 58, 59
53, 54, 55, 56, 57, 58, 59, 60
53, 54, 55, 56, 57, 58, 59, 60, 61
53, 54, 55, 56, 57, 58, 59, 60, 61, 62
53, 54, 55, 56, 57, 58, 59, 60, 61, 62, 63
53, 52, 51, 50, 49, 48, 47, 46, 45, 44, 65, 64
53, 52, 51, 50, 49, 48, 47, 46, 45, 44, 65
54
54, 55
54, 55, 56
54, 55, 56, 57
54, 55, 56, 57, 58
54, 55, 56, 57, 58, 59
54, 55, 56, 57, 58, 59, 60
54, 55, 56, 57, 58, 59, 60, 61
54, 55, 56, 57, 58, 59, 60, 61, 62
54, 55, 56, 57, 58, 59, 60, 61, 62, 63
54, 55, 56, 57, 58, 59, 60, 61, 62, 63, 64
54, 53, 52, 51, 50, 49, 48, 47, 46, 45, 44, 65
55
55, 56
55, 56, 57
55, 56, 57, 58
55, 56, 57, 58, 59
55, 56, 57, 58, 59, 60
55, 56, 57, 58, 59, 60, 61
55, 56, 57, 58, 59, 60, 61, 62
55, 56, 57, 58, 59, 60, 61, 62, 63
55, 56, 57, 58, 59, 60, 61, 62, 63, 64
55, 56, 57, 58, 59, 60, 61, 62, 63, 64, 65
56
56, 57
56, 57, 58
56, 57, 58, 59
56, 57, 58, 59, 60
56, 57, 58, 59, 60, 61
56, 57, 58, 59, 60, 61, 62
56, 57, 58, 59, 60, 61, 62, 63
56, 57, 58, 59, 60, 61, 62, 63, 64
56, 57, 58, 59, 60, 61, 62, 63, 64, 65
57
57, 58
57, 58, 59
57, 58, 59, 60
57, 58, 59, 60, 61
57, 58, 59, 60, 61, 62
57, 58, 59, 60, 61, 62, 63
57, 58, 59, 60, 61, 62, 63, 64
57, 58, 59, 60, 61, 62, 63, 64, 65
58
58, 59
58, 59, 60
58, 59, 60, 61
58, 59, 60, 61, 62
58, 59, 60, 61, 62, 63
58, 59, 60, 61, 62, 63, 64
58, 59, 60, 61, 62, 63, 64, 65
59
59, 60
59, 60, 61
59, 60, 61, 62
59, 60, 61, 62, 63
59, 60, 61, 62, 63, 64
59, 60, 61, 62, 63, 64, 65
60
60, 61
60, 61, 62
60, 61, 62, 63
60, 61, 62, 63, 64
60, 61, 62, 63, 64, 65
61
61, 62
61, 62, 63
61, 62, 63, 64
61, 62, 63, 64, 65
62
62, 63
62, 63, 64
62, 63, 64, 65
63
63, 64
63, 64, 65
64
64, 65
65
